1160
62.666 79.5906
-65.023 35.7442
2.508 11.9394
92.929 59.2304
-47.592 20.1963
6.728 90.049
18.72 74.999
12.63 2.07921
-6.328 8.12689
-23.029 20.4525
-4.58 23.6608
-7.57 17.8621
-80.42 57.9088
-75.673 75.7892
13.467 80.1769
-4.855 15.5602
72.836 10.5772
43.238 50.656
41.992 53.7393
9.597 21.5606
6.703 36.0827
-6.47 10.812
45.26 32.4657
-0.738 7.4636
43.46 91.0606
-29.331 98.6311
-86.618 45.8402
-9.807 19.9164
-8.532 23.2862
-5.138 64.0944
-24.143 24.6448
21.786 31.2567
49.183 29.5938
15.776 22.6468
-56.79 27.9604
0.973 64.9927
-13.167 29.7133
14.53 18.7235
11.923 64.4057
16.174 24.0708
42.283 85.9639
4.99 41.2996
19.689 114.114
48.215 50.6095
-47.136 96.6149
7.5 6.30793
-37.9 12.1503
25.91 76.5331
31.466 65.3157
-27.356 48.8636
-11.731 14.0454
-18.198 13.5692
-52.175 58.2495
-63.285 40.0627
-44.131 84.579
58.048 79.3304
-39.55 57.3924
68.117 45.4718
-32.462 36.1688
-0.001 6.6
-12.054 64.9916
15.843 65.2028
-22.411 9.39346
35.4 34.3122
11.501 6.6796
-24.287 63.6219
-65.853 68.6104
-5.309 58.359
2.263 114.278
-35.953 33.8783
-29.847 20.4841
6.689 82.73
10.587 8.53671
-6.259 39.406
-20.936 47.0525
-44.024 72.1258
-1.27 47.6831
23.162 21.6428
22.633 72.2374
5.137 3.28956
60.011 30.4626
-54.366 17.7814
-72.944 58.8121
-14.419 80.8239
35.524 60.084
-19.645 19.6701
35.077 28.5069
-23.59 66.8605
-4.676 1.08399
24.814 24.9661
-22.932 5.1355
13.02 29.4503
23.771 77.9563
40.612 27.2374
52.594 72.169
31.257 41.3067
1.828 102.584
46.893 70.1741
0.025 3.1999
-20.443 71.7443
-105.845 25.6134
49.355 81.4071
0.716 17.5854
-20.767 33.1292
10.317 10.7503
104.238 7.39523
-40.797 41.9268
51.933 22.7564
-41.764 33.1158
99.978 32.41
-5.087 15.0643
-74.094 47.6622
-36.511 62.8668
2.912 19.4836
-6.815 30.6515
-18.131 29.4691
0.317 0.386667
-15.932 41.6573
45.215 11.6831
-14.526 33.0485
-3.063 3.01795
-34.81 101.497
30.491 29.1743
-61.739 23.8901
1.002 8.94405
38.832 94.1027
15.995 19.3435
48.2 59.6628
-87.709 17.3058
-40.08 33.5989
68.229 56.8352
78.045 64.894
-109.283 12.539
3.944 86.3099
0.443 14.2931
11.854 14.5919
-64.946 41.5503
-30.144 59.8359
-3.24 14.8507
-33.479 85.0477
6.265 11.5048
0.167 2.29393
-18.374 97.687
0.022 0.09755
-11.077 20.1569
-66.78 40.8818
17.028 92.7499
-23.744 37.8723
25.309 12.4376
-68.148 91.6378
-25.631 80.9386
4.256 19.5419
-29.331 89.8329
-45.31 91.8301
72.69 81.8927
-57.768 78.2953
-4.707 6.21966
72.743 26.734
-65.951 32.8961
4.344 47.9034
63.81 76.084
-3.413 69.1158
12.149 66.9059
-2.905 25.7366
-57.002 23.3523
24.061 26.3734
-19.219 34.3946
12.773 97.3658
-50.703 99.3049
-10.327 63.6679
53.287 76.5858
-49.221 63.4459
-20.979 15.3584
64.195 64.9207
-7.222 66.509
3.235 21.8619
17.28 15.7785
-54.139 94.0278
17.991 91.8547
-27.549 51.3804
-1.389 16.6421
37.285 32.7107
-17.66 16.5458
-7.454 84.4718
2.355 70.9609
-28.488 47.164
7.383 25.034
28.99 18.3322
-0.22 13.1982
-56.689 101.09
-17.457 95.5179
19.214 68.5585
6.452 49.6828
-17.963 77.8546
-18.27 10.5554
-42.03 46.5271
4.24 1.50745
-23.709 67.6666
-84.213 39.9301
-80.187 49.0515
73.617 86.3874
-13.676 104.812
-38.35 78.2029
4.785 35.5797
20.642 22.5891
48.709 24.2238
-6.003 5.13556
7.026 11.9936
4.564 16.6871
25.041 37.9895
24.38 10.886
-0.623 55.2965
63.765 52.5051
19.089 52.8588
102.874 30.8496
-6.47 47.7638
8.174 4.22205
-47.03 71.7622
-29.445 15.5526
-37.015 53.6743
45.922 65.1403
17.224 28.733
57.273 59.7967
-9.604 13.0462
9.168 31.4927
11.43 8.42586
-57.795 29.3049
12.213 31.5164
-99.031 17.1205
18.224 24.7058
29.768 44.092
-6.173 74.4445
-80.511 24.6499
5.097 72.9221
66.44 22.3548
-27.213 32.9051
31.131 105.294
1.529 2.92441
-73.815 62.313
-59.178 97.9047
-7.604 34.7784
-1.211 11.4361
8.474 41.0341
42.352 57.6069
17.703 40.1723
-2.894 9.98923
-18.337 65.7924
-19.422 100.847
16.362 49.2534
4.414 3.11072
2.681 9.53007
60.946 80.1628
-40.703 76.0983
32.16 11.3377
-31.801 90.1557
-56.409 26.9124
34.636 25.1433
-12.819 6.77667
-6.244 92.5897
14.372 77.0714
35.886 108.204
44.543 19.6878
14.816 71.4807
74.213 73.9964
17.541 34.7206
18.612 108.008
34.061 39.2918
-0.356 58.6989
29.852 84.0565
-16.277 5.55871
0.576 12.0863
-10.755 35.8202
1.946 7.45004
-1.885 42.0578
-54.868 100.498
70.441 71.2608
-2.759 27.5623
2.97 7.75043
88.868 23.0156
2.008 13.2487
8.789 20.821
-54.25 75.0446
-51.114 70.4014
-41.944 20.9836
1.453 52.0797
-20.286 25.647
24.97 70.0847
-5.837 24.6175
-96.525 58.174
3.576 22.9227
21.666 56.4875
1.446 8.68039
81.753 29.1665
-12.738 19.2705
0.617 0.330622
-7.486 6.92819
82.881 47.4446
-6.759 18.0778
25.36 30.4143
27.258 31.0273
40.944 23.0779
2.291 1.42875
-33.716 20.1921
36.819 26.3904
3.471 2.18224
5.235 29.5397
18.495 27.4508
52.665 58.2121
2.103 60.3634
-68.315 37.0182
33.106 88.9382
-13.462 81.0902
22.634 99.5596
33.204 47.6771
-23.705 12.0678
55.269 80.4431
1.872 44.961
41.374 105.046
-40.496 104.637
8.661 54.9213
-85.033 48.3139
98.615 25.665
-2.304 8.38937
13.161 11.5342
3.177 22.5776
-6.414 12.1058
-20.582 82.4705
-21.657 48.8112
15.359 86.3446
2.189 11.3916
46.925 72.3083
6.76 56.6984
-20.315 89.2163
42.593 41.9747
-10.479 33.3945
-17.547 24.0862
5.189 57.0646
22.444 98.4747
2.478 2.32799
25.564 48.3588
10.322 26.4578
-2.3 59.2554
-97.633 25.0687
35.405 20.0743
12.803 34.7143
20.674 81.4161
40.918 32.7334
8.092 104.688
-52.335 94.8153
-18.011 9.3645
-11.315 73.1298
-0.111 1.89675
-47.952 16.1544
-75.136 50.8042
85.904 27.1756
-40.737 41.5661
92.217 53.8727
-35.913 25.9374
-70.443 11.6509
38.741 23.0899
26.883 53.1927
-4.602 3.19086
62.139 63.2964
79.62 83.3951
-28.552 45.5985
-0.404 0.443603
-99.211 28.7762
-1.089 80.6927
-7.33 7.79494
57.589 93.603
0.835 3.50182
-41.153 26.7813
-2.624 43.9217
-23.791 14.9532
47.257 23.3252
-19.048 111.586
-44.91 62.4236
-15.78 33.3557
19 11.0905
20.763 11.8367
-32.878 105.914
-42.57 28.6267
-80.439 28.0822
35.557 14.5003
-30.796 46.8915
99.401 57.0316
-4.859 3.16704
104.212 21.4667
-65.277 14.1829
-6.839 64.237
73.35 76.3845
-1.14 2.22495
-61.568 56.7016
32.156 8.26025
34.639 40.1141
67.387 5.36211
60.395 84.6667
-17.094 85.5081
-21.343 40.2969
-44.492 72.0732
-60.933 87.5903
49.56 41.592
33.635 37.2656
66.234 92.9078
25.508 93.586
-6.012 62.7125
-114.588 10.8444
-77.073 57.0663
4.245 6.89855
-77.453 45.6404
-13.521 46.0563
-1.434 13.7253
-45.009 45.0764
32.69 19.7637
8.315 40.5564
44.592 39.2417
-74.764 8.08606
23.076 89.7819
4.719 41.2308
2.203 14.6351
-1.888 5.90554
-99.73 58.6551
-34.932 67.7215
-11.309 42.3148
-5.606 15.9431
-8.438 16.5759
-0.398 70.4989
-6.091 84.8817
-2.387 96.2704
95.875 52.691
-87.338 9.9239
37.275 80.3774
-0.224 0.871679
-59.782 61.1258
38.733 62.3483
1.005 2.93257
6.766 14.9393
12.096 11.9452
-38.064 26.1834
19.257 15.1465
-4.482 11.5616
-12.666 13.0695
-8.947 23.0226
-35.863 83.1998
-37.073 84.309
-33.327 91.8401
-70.902 28.7255
-2.225 20.5801
22.696 34.9826
7.604 14.6434
7.981 31.608
11.794 24.0654
76.86 71.0959
-45.609 33.178
-1.176 23.2703
49.592 10.5415
11.308 49.628
42.311 58.6265
57.648 71.3134
-12.662 79.903
-11.37 15.4714
-101.351 37.0187
6.813 8.12053
-3.068 63.4258
26.249 7.12952
44.811 54.5558
-19.801 8.87752
50.65 28.2591
-53.333 91.9526
9.134 50.7851
7.247 45.4256
-0.683 93.4975
5.996 59.8002
-62.896 59.674
-39.451 69.1359
-10.644 63.1087
-8.032 13.3734
-42.625 18.3322
76.043 71.532
3.451 19.8015
-0.703 0.381826
12.989 103.085
32.298 51.5119
-56.556 26.1287
-70.143 69.4381
1.938 9.91232
87.238 36.0679
36.239 70.1978
-34.255 55.946
8.276 36.9854
-3.227 107.652
-76.676 57.765
25.917 64.5947
-24.035 49.9147
-14.027 14.5356
1.978 7.13074
14.313 93.1063
-1.818 0.833592
-20.751 62.3369
-2.341 2.60187
-2.716 16.3763
16.424 104.011
-24.573 107.631
-56.868 70.2723
-36.763 68.6796
57.597 11.8332
0.414 1.33739
23.302 109.345
-32.992 53.2005
76.099 36.2689
13.953 41.4126
-26.422 108.015
0.633 11.8832
30.187 56.8868
96.493 1.1623
-15.081 103.002
-52.099 54.7819
10.922 56.7587
8.308 93.4313
40.278 88.6817
-33.517 64.1745
-42.879 71.7659
64.667 48.1097
-49.366 90.6269
12.184 42.6956
22.171 19.6114
41.969 28.0865
-10.252 46.4829
-13.224 109.706
-1.41 2.18447
44.305 48.919
-53.586 100.167
45.98 30.5431
5.134 87.3493
16.599 73.1401
28.167 91.0424
-62.586 51.7342
-62.093 29.162
-24.26 52.2419
-51.804 94.7647
47.112 46.0789
82.949 8.6616
-49.325 51.4853
-39.711 55.0767
-5.834 11.2807
21.513 41.8999
31.862 43.4744
-7.852 7.84577
-17.88 23.9649
-6.319 16.6406
2.729 6.66277
20.297 76.2446
27.025 11.3199
13.324 16.4897
30.236 74.6059
-107.052 38.8983
3.484 7.42305
-8.444 88.699
-27.602 12.2544
34.174 37.5869
-26.087 7.34019
7.152 62.9953
-58.028 43.6292
9.271 114.325
45.351 99.8868
-7.452 38.0777
13.5 13.5115
41.499 40.0889
47.998 60.4651
39.004 60.5201
-2.406 34.6165
23.177 99.8453
-14.939 107.063
-58.382 21.1649
11.882 88.1024
-54.01 66.5388
-47.46 86.4263
-8.817 105.733
6.73 64.7512
23.456 67.8606
0.783 3.82059
-1.611 62.7793
-5.672 59.7313
-7.704 7.13431
-14.779 10.0991
3.231 6.54604
-4.753 44.5472
-68.917 28.2966
-22.36 20.448
101.861 55.5008
36.957 58.6231
5.586 80.0052
69.823 88.8468
0.374 2.37068
55.018 47.8271
16.592 82.141
16.02 23.6922
-3.923 6.97209
1.337 21.8591
31.374 32.8151
-23.33 111.281
107.739 14.4221
-54.267 73.7947
78.467 16.0916
-68.488 89.2505
-2.267 8.29582
-10.096 35.8038
-44.844 103.067
0.872 1.57468
62.78 76.807
1.813 110.985
-41.069 13.0747
31.634 111.187
-11.638 23.6963
-3.121 5.58743
-8.001 75.4771
3.857 41.6217
12.441 15.4033
26.023 25.594
5.136 35.0254
9.844 12.2305
4.383 38.0484
23.008 66.5341
-42.295 56.7783
-59.712 64.6411
18.774 31.6509
-60.599 75.4851
-14.575 43.419
10.137 11.5932
28.179 28.8103
-68.027 22.3358
56.899 65.2845
9.898 65.6581
-13.029 89.0519
-18.854 29.8432
-66.949 23.9383
0.913 1.43403
40.018 75.4435
25.632 48.6621
-9.354 75.8252
58.368 80.7052
-63.024 61.9882
6.761 16.3578
-18.508 110.46
-48.641 76.9094
31.578 60.6745
72.161 15.9374
-77.035 40.2147
-5.851 6.7064
-10.788 99.2152
-8.792 15.7067
49.888 84.2354
24.46 44.9794
11.818 81.5481
11.144 41.1166
-27.144 8.68638
-42.793 50.902
0.227 1.07632
-98.869 39.8558
-45.849 57.0623
-1.343 54.2834
29.462 54.439
-30.09 70.1162
-19.234 59.8871
-24.761 95.7502
-7.526 43.859
57.168 23.4747
15.734 19.9399
-18.797 102.491
12.87 87.5592
-23.359 14.5123
-4.612 48.9834
35.67 101.728
76.442 61.4836
-23.617 80.5074
0.017 106.2
-59.092 56.2734
-11.721 66.6776
42.344 87.1585
21.368 16.5048
-27.227 60.4515
-26.464 34.1452
18.654 35.384
-7.005 8.48115
25.824 107.029
6.005 17.4983
-1.774 11.0586
55.306 12.0336
14.519 24.7566
-0.683 19.5881
13.722 21.1364
-27.862 47.9996
-1.955 37.7494
-29.28 51.797
3.1 4.7833
15.596 19.4107
-52.643 66.2259
4.595 0.987914
-27.788 44.6608
23.309 79.9724
-12.178 62.9326
65.817 88.8847
3.01 31.3559
-14.538 104.494
-11.737 26.2999
-78.268 15.5615
-5.247 113.279
-72.023 20.1923
-10.878 9.88732
7.554 90.1842
1.166 2.76414
0.821 1.3733
-62.869 35.2973
21.481 40.5632
-2.332 80.9664
-21.846 9.93742
-18.364 16.3684
3.272 26.2972
-26.867 111.715
-3.801 36.1004
10.944 18.6223
15.83 85.8528
106.418 35.2366
-10.114 39.5265
-0.081 4.19922
-50.895 61.0733
-9.935 5.59069
-3.352 32.1256
-20.134 9.81744
11.468 59.6068
-15.939 19.26
-30.395 108.108
-49.607 102.419
-10.241 53.5292
-0.957 45.69
-24.849 41.6507
1.028 1.94505
20.565 42.7064
-1.779 43.2634
23.844 66.0265
56.255 87.8286
8.099 30.234
47.256 60.2862
-45.933 74.3567
28.644 22.4607
61.047 15.9648
-5.169 13.6544
-26.435 52.8583
1.384 6.5555
53.651 59.881
-35.025 35.4018
12.549 38.6119
33.741 17.4798
-1.979 12.3423
-44.021 38.3759
-32.159 37.8931
17.116 79.5802
17.191 90.5832
-19.769 59.1857
-58.341 73.5767
64.358 95.9078
19.105 49.3296
-62.378 64.599
44.115 68.8847
0.947 3.57676
59.296 76.3863
-14.276 44.2543
80.245 67.0962
75.695 68.3686
-65.652 42.3016
0.896 9.65853
32.693 94.928
-2.444 13.8866
-17.921 14.2565
-38.301 18.1877
0.037 0.196548
32.743 7.54029
-11.697 21.4136
-23.978 28.8324
27.595 4.7451
-44.38 57.7084
-45.482 60.0123
1.9 4.73286
-1.762 2.30334
-45.271 62.0385
-40.628 40.6893
3.85 65.1864
38.275 50.7935
84.943 74.9772
-7.278 62.7795
53.586 70.1814
-37.256 56.2871
23.462 55.4398
-22.579 22.5344
-6.922 96.1512
42.009 91.0787
-75.265 48.7983
-18.897 106.74
39.499 66.5627
-41.896 37.6087
1.825 22.2252
-38.249 94.7726
-48.327 104.132
35.654 31.3854
-1.925 11.6419
13.437 42.108
4.272 4.63034
2.688 4.45137
5.569 9.36996
-17.727 43.0966
68.486 63.0657
9.202 15.9337
47.673 68.5532
21.564 109.803
-3.955 31.5531
-18.777 24.7918
54.404 57.0057
-58.676 25.0513
-62.723 86.6881
-13.221 9.01139
-45.771 68.3981
25.302 67.301
18.337 22.5957
53.395 51.6669
-1.114 12.8518
44.884 96.0283
-13.885 44.6928
6.452 14.7507
35.747 22.0489
91.745 46.3756
17.475 61.7759
-53.754 9.57431
-63.136 47.9827
-33.129 51.2198
51.219 64.6751
13.962 9.34358
-16.263 90.4496
67.547 38.6037
-0.957 0.290088
25.366 21.7285
10.736 23.24
-0.411 4.38076
-2.833 21.1108
17.908 34.0816
14.068 69.2862
8.928 29.5821
-15.878 64.7826
19.4 59.0972
-25.714 42.297
-24.42 102.326
-57.124 70.7083
6.888 17.3852
0.388 105.799
33.014 17.3599
-9.023 2.97245
36.339 84.8455
33.5 40.0324
-20.901 82.6997
-4.534 7.89005
27.536 45.0512
-36.975 30.4509
-0.628 6.46959
1.731 2.20083
21.695 43.1534
-26.886 42.0375
2.179 54.7567
34.31 55.0893
-8.126 51.8673
-58.03 81.563
-9.711 35.8065
-52.186 86.9401
-3.869 13.8705
2.203 5.47328
34.278 51.6625
61.942 76.5862
-18.893 34.1182
-36.317 91.8832
-2.569 8.93813
-29.759 30.3422
46.61 93.9762
59.001 16.258
-25.266 62.2693
-5.889 54.5832
-2.376 15.6203
-32.029 24.787
-9.257 50.2545
5.067 94.8648
-43.299 15.8242
-0.893 55.7929
73.498 71.1571
-2.801 48.3189
48.778 55.3818
22.957 65.493
70.183 44.4967
-83.958 56.5022
-44.352 90.8521
8.608 28.4252
0.334 105.599
48.129 55.2855
-33.17 58.6729
16.305 54.6182
61.233 40.6543
-8.539 57.2669
26.398 63.2091
22.986 100.402
32.056 25.4012
4.645 20.2747
3.13 6.26124
31.259 83.9704
-3.854 5.96294
30.936 18.411
10.004 69.2815
-50.434 35.0196
100.447 25.7699
-3.287 9.44434
-46.587 96.9918
-96.776 49.7177
43.214 42.0552
6.823 13.6944
17.299 24.9981
-17.84 34.3427
-33.862 38.6694
24.318 35.3418
-3.808 16.6706
-24.302 51.4492
16.162 23.231
-0.8 21.7853
55.999 50.4903
54.221 71.2063
-90.355 32.7289
27.752 26.8288
3.073 21.2793
0.377 90.7992
-59.056 16.4341
-62.955 42.2174
-0.35 4.98773
55.606 21.727
15.212 28.6069
38.099 15.4168
6.216 19.9542
0.533 68.6979
13.885 96.5063
-94.204 19.4948
10.145 39.1055
84.04 69.884
-24.165 41.2419
5.875 9.65269
-54.628 73.0289
-3.496 2.98965
-6.612 24.6279
52.77 8.80779
-12.996 8.44713
-14.673 9.35217
12.314 114.741
4.953 110.99
-0.485 21.3945
-12.101 110.64
11.778 39.2719
1.032 0.612353
68.63 63.3521
-66.832 64.6721
-42.766 74.728
40.039 64.7154
-83.99 66.1309
-66.858 79.1389
16.077 54.1644
-27.805 85.8075
55.23 68.2531
-34.764 50.7318
-12.096 30.5957
15.19 9.84245
-4.788 3.61594
2.134 28.8211
-3.752 28.9579
-5.042 7.93336
14.473 87.8153
17.514 27.9689
80.714 81.9161
-4.943 81.8509
-7.833 8.69104
26.748 77.1974
39.134 66.3139
-37.234 38.6952
-4.963 31.2078
-48.918 100.085
-20.68 65.7233
-15.415 47.5645
-63.303 88.734
15.237 32.3956
-24.441 35.9845
63.448 93.6267
-1.047 6.71891
-9.919 82.103
-1.216 0.459722
47.024 105.166
-82.194 62.7352
-4.916 26.447
70.525 40.0429
7.327 4.30872
17.704 75.9643
13.147 47.2034
-6.6 11.2
-23.131 12.3043
-5.482 12.8821
-3.324 13.0844
31.633 88.6237
-15.039 37.1731
-36.04 30.6335
-28.557 103.326
-21.681 76.0707
41.722 62.4443
51.458 47.8974
-0.597 5.26627
-65.171 80.4052
44.427 61.045
0.196 98.9998
31.23 15.3534
25.87 13.9679
15.698 31.1702
-12.702 109.969
6.141 108.026
13.509 13.2181
7.097 69.1367
31.604 70.8728
-23.768 51.588
-66.605 18.0215
85.92 62.9286
33.346 60.1788
-38.985 29.3532
11.986 59.4028
11.957 15.9072
-27.027 93.3669
73.157 48.1852
-7.753 3.2328
-42.233 71.6841
5.317 5.43042
-78.719 52.6442
-46.745 39.0348
24.964 11.0494
-0.579 47.1964
22.592 12.4596
57.738 54.2122
5.969 20.1338
-32.771 79.0786
-0.378 22.4968
1.773 65.7761
-37.242 75.4045
3.304 3.61851
51.732 89.9902
0.439 12.2922
-53.983 84.0586
-106.842 27.4021
-53.393 86.4393
-40.039 69.2595
67.214 76.3228
-74.854 70.8977
-12.672 57.5207
-52.201 14.5841
38.771 55.6206
16.541 39.6912
-54.223 23.7593
15.78 40.4296
46.108 72.5951
9.724 29.646
35.393 12.6923
-25.202 10.7526
79.955 52.5898
69.237 50.8434
-38.279 9.74516
3.055 6.18684
-31.723 20.3701
81.592 33.4961
27.723 19.6834
8.752 16.8642
38.43 21.632
-17.776 76.6662
-56.09 89.236
-28.926 45.5992
6.543 30.3016
-30.177 16.0931
16.44 40.3818
1.472 14.9276
-45.373 44.9945
25.399 108.774
32.088 86.756
0.851 1.23523
-6.619 58.6275
103.574 34.2817
-37.906 13.3856
-27.571 27.8654
-10.738 49.8567
-22.447 79.8031
-56.944 32.1643
-77.02 79.6527
-42.032 27.6297
-10.605 32.7245
72.253 69.999
-25 49.9981
-2.206 61.6606
-35.31 93.5586
-0.979 1.85784
-3.702 27.6533
-23.143 72.3906
-0.098 25.6998
31.748 11.3029
-7.278 39.0272
9.725 33.7259
-25.181 17.2095
2.391 20.3601
22.833 34.2942
-1.921 3.27868
-24.447 48.2613
-23.377 38.3344
31.187 104.026
29.361 40.9645
-55.572 74.4457
30.784 73.1895
-3.602 20.0795
-6.151 18.5045
-25.224 64.3316
30.257 94.9979
-53.179 75.5629
61.223 77.0344
-30.501 94.7098
64.827 31.7852
-18.86 37.8628
90.49 27.5812
17.795 111.185
25.393 22.459
-0.625 11.9837
39.475 24.1953
-2.784 4.74335
2.674 59.8403
-41.458 44.8826
15.149 13.9595
-16.491 20.4875
94.056 62.268
-0.079 0.289411
-29.897 3.4899
-19.745 25.182
0.448 3.97483
-24.765 26.9491
-6.203 94.5968
54.968 49.6923
90.239 65.6619
-17.954 15.6235
-3.059 10.3577
-39.579 36.145
-23.744 17.5064
-2.909 14.8171
-60.482 69.3248
-25.333 87.5069
-13.87 32.6783
29.75 12.056
-10.511 52.0493
-4.936 86.3591
7.989 5.32315
19.889 76.042
69.723 84.0437
0.141 0.374325
