74
2.799 6.74208
2.108 4.08856
0.059 0.0807403
1.507 1.60279
0.015 2.39995
0.043 1.29929
-2.084 3.41423
2.835 1.48417
1.974 1.53405
4.864 2.97178
2.554 6.30215
3.223 3.69084
-2.947 3.78882
0.424 0.264998
-0.492 1.52248
-0.215 2.99229
2.294 5.76
2.353 2.98386
-2.829 4.12271
-0.095 0.592431
3.744 3.46301
3.16 4.1297
-0.134 0.148472
-0.093 1.49711
1.267 0.595576
-0.095 0.388555
-3.209 6.33343
-1.822 1.40368
-3.703 5.21994
1.745 5.32118
3.476 3.16345
-1.332 1.4919
-0.653 5.25962
-2.775 4.63243
-4.176 1.38601
1.699 1.9681
-3.267 5.03257
5.79 1.13398
4.288 5.14811
0.33 1.04933
3.221 0.717746
0.566 0.699746
0.772 1.95295
1.301 3.14124
1.809 3.79045
0.373 0.707722
-3.221 4.8234
0.821 2.57215
-3.807 1.99919
2.401 3.0733
1.54 0.93188
-0.995 0.0998749
-1.119 2.56668
5.396 3.62397
-3.148 3.2156
0.244 0.174539
6.09 3.24375
-0.199 6.99717
1.398 3.20868
0.894 5.42686
2.349 2.72804
5.987 1.16869
-0.679 0.170173
4.151 6.12611
-3.197 6.45129
2.035 3.55932
-0.824 2.98848
-5.421 3.76467
1.175 2.6513
0.912 0.779908
0.2 1.88944
0.248 1.68181
1.364 3.4394
-3.815 5.01356
