314
-8.184 7.7918
-2.262 9.53537
-8.702 24.6066
-11.598 14.7962
-4.538 5.46045
-5.907 13.6791
-23.74 19.1484
-17.235 22.1938
18.533 21.9139
-6.272 2.05475
-0.322 6.49202
-1.856 4.9644
-0.272 11.4968
-14.1 17.4055
2.133 3.73367
4.437 4.61227
-0.73 11.3766
1.164 1.62638
4.394 10.0843
-13.234 21.914
-6.897 23.6134
-1.248 1.68893
-3.744 27.4458
-11.192 26.7533
-7.1 18.8043
-3.323 12.7749
1.043 5.90865
-12.444 1.97658
-0.571 10.2842
14.549 6.41378
-5.183 3.40243
19.087 8.99424
6.291 8.40674
6.298 23.5732
-2.037 4.78442
-3.877 3.15735
10.784 19.9749
10.306 13.0133
-16.207 19.1662
-20.285 12.4482
15.492 11.1717
-14.837 10.1913
1.761 3.36733
-23.858 10.08
16.7 3.67696
3.025 19.7699
9.79 18.9168
0.655 2.41267
13.425 25.9309
-0.726 0.955471
-15.908 21.194
0.442 0.542804
2.97 17.6519
-20.14 19.452
1.712 7.09641
2.175 14.0324
-3.296 3.35058
1.283 2.82204
-2.896 2.30286
-1.487 30.5638
-0.642 0.893217
0.08 8.59963
10.347 12.4651
1.758 16.2049
-19.55 15.259
8.446 3.38749
-13.638 9.98073
-0.273 21.7983
0.288 25.2984
23.976 1.07304
14.89 27.0758
-23.271 17.8031
3.339 2.3793
1.791 4.56096
12.551 9.43199
-9.782 5.24619
-1.644 23.6429
-3.34 30.6184
-0.603 21.4915
-5.882 28.2951
-3.788 12.5404
-7.887 19.3547
-16.885 18.4363
13.83 17.2378
-3.702 11.0989
0.385 10.8932
18.815 25.0137
-5.676 13.2342
8.782 1.96888
-4.971 8.67693
0.911 1.06305
6.753 19.8846
4.281 28.1766
22.019 6.29076
0.598 3.24537
-5.219 5.24615
-12.353 2.94846
-26.104 15.3841
-14.56 10.7525
-2.36 3.94847
-6.006 3.97089
-24.205 10.0279
-11.068 27.4529
-13.221 17.8338
-4.86 6.48
-15.898 21.6994
-3.031 20.0724
6.272 8.04376
2.981 5.322
-3.927 1.48952
-2.966 3.77397
21.624 7.83598
2.315 15.1238
0.085 0.593949
4.837 13.8814
-0.228 0.766822
7.514 3.52559
-8.776 6.95858
15.288 8.09735
-1.084 3.0108
1.323 3.77487
-8.663 14.3942
1.483 11.8072
-7.154 10.1282
2.418 18.1396
4.037 14.965
19.162 17.1262
-12.362 5.17117
28.058 3.69305
-20.513 23.5087
-7.877 22.9879
15.156 14.2455
13.293 3.31454
-16.017 10.2204
-26.125 17.4197
-14.717 26.2568
-2.607 19.1231
11.945 15.4132
7.669 26.409
-1.096 18.4675
6.605 7.37455
-12.716 23.5912
-4.08 23.5492
-16.857 10.576
-0.001 0.199997
-13.626 10.1652
-2.271 6.30338
2.219 2.83479
3.312 6.95131
2.468 25.0789
-10.501 16.0739
-0.744 9.57113
-19.235 15.4953
21.197 7.83883
-1.356 1.98022
5.418 25.4292
7.146 6.25977
4.617 11.4006
-4.679 17.174
12.409 8.7782
-0.475 16.6932
12.158 16.1314
-3.226 4.69925
11.789 3.13998
28.282 12.6936
-3.712 4.58596
-1.31 2.47465
-18.489 20.4919
10.261 24.3243
-27.973 8.02005
9.432 12.4257
0.567 1.60266
6.566 12.9282
-0.599 21.8918
9.252 8.40538
1.782 9.94155
-2.71 2.05327
14.851 10.8631
2.864 2.01184
-2.55 8.94357
-13.911 18.6916
0.086 0.0510294
-14.019 14.8198
-2.16 13.4274
-15.711 13.4779
-0.338 0.368451
-2.06 8.9664
-4.502 14.7273
1.224 5.66938
-2.516 12.6523
3.121 2.33867
18.148 19.5842
-2.232 6.42325
11.128 13.3764
13.243 24.4431
-9.52 4.18684
-2.783 6.96455
-29.396 6.92208
6.422 26.6368
-0.917 1.18706
-21.785 13.2538
6.594 18.4575
-1.628 17.5245
-2.005 8.26014
-16.984 7.58312
-5.843 8.96378
-3.016 4.59932
5.963 16.1333
1.448 1.78698
-2.89 6.37557
-11.116 11.508
-7.325 4.69408
-1.059 10.748
14.994 10.316
-9.447 16.3696
-9.352 13.5938
-2.123 11.4041
-0.132 0.377592
0.813 0.386045
15.107 12.1712
11.764 8.98044
7.588 25.4947
9.398 19.5593
2.872 22.6184
0.729 1.64577
-10.019 9.77853
0.839 27.8874
-5.509 23.4619
-23.885 17.8198
-15.64 14.6065
-10.46 8.53454
-13.435 18.7912
4.059 4.81814
-9.455 16.1336
17.625 22.7772
-3.449 11.4937
-2.059 25.7177
-16.519 25.8769
-1.799 2.27455
2.12 1.672
-10.456 10.1898
0.937 0.901128
-26.187 10.4633
5.193 12.7856
1.823 7.58397
2.85 8.43134
-6.344 29.7307
-18.983 7.73923
-1.509 0.531901
-7.879 18.0558
-26.717 5.61177
-5.43 19.0409
-2.995 15.819
27.247 14.9937
6.964 3.04347
17.353 24.1032
-8.854 25.507
15.539 17.7623
-12.819 2.16177
-6.359 5.17717
-2.264 7.67296
17.707 22.4593
-29.683 4.34966
-6.836 0.937605
3.279 24.6832
-16.168 16.9161
23.03 10.7135
-2.89 4.56157
11.155 10.0283
-15.233 6.07583
1.712 13.1894
4.365 8.32507
9.866 20.9977
-2.63 9.33665
7.065 12.2023
23.158 16.4398
-12.347 7.21399
-1.335 22.4604
0.203 8.79766
18.345 12.6788
-7.291 14.0172
23.766 13.0226
16.879 14.1103
-1.8 0.608276
2.453 1.72708
0.597 27.1934
-14.877 14.249
-7.846 19.6947
-15.974 25.2753
-0.024 0.999712
1.337 1.74712
-5.33 12.8375
-6.824 23.2179
3.978 3.94151
-1.116 8.32554
5.452 16.8394
-0.223 0.200676
9.42 8.66623
-23.736 17.5172
-2.027 3.90529
2.229 23.394
-1.253 4.32204
1.927 1.74547
-9.987 3.55244
-16.268 18.3194
9.121 14.9351
-1.576 7.7412
3.982 21.2298
-10.387 10.9599
5.642 10.7041
3.328 3.86451
-28.68 6.46665
11.305 3.38186
25.992 4.01322
