2276
132.282 151.601
52.043 167.082
68.53 25.727
34.184 67.3179
-94.632 176.876
-4.648 25.7844
8.294 3.98115
90.473 203.494
-133.017 111.861
122.027 166.216
100.988 137.25
-102.618 82.39
-13.398 4.99836
-67.01 148.369
-164.567 99.4836
9.308 115.425
134.311 180.016
112.116 88.2796
96.875 41.2714
-88.898 182.055
-78.655 143.566
13.259 73.3106
2.778 46.0162
38.242 17.1219
-21.128 16.3248
-82.092 130.65
52.729 18.5597
-36.783 168.533
-100.001 19.0536
-37.211 187.544
-3.382 1.94218
12.863 115.285
-135.649 116.332
15.624 75.6025
2.306 21.6777
78.669 26.7731
58.02 121.785
207.622 55.0649
38.251 22.9351
-23.044 117.257
-27.871 52.1154
6.589 12.0115
9.058 9.32484
24.699 93.3891
109.148 42.9651
83.065 170.436
11.067 45.7813
127.518 131.117
14.145 15.2499
5.111 127.698
77.962 192.837
-50.618 138.968
35.419 26.1054
17.541 62.7961
-2.534 2.83176
5.764 40.0877
-68.366 181.982
-95.373 94.6961
-0.835 6.64776
180.234 99.7582
13.746 34.9972
-76.695 36.4127
38.414 49.5546
-9.801 51.7806
14.02 124.916
211.291 52.018
-10.513 22.6821
-74.665 71.3865
-35.235 176.416
-16.22 3.97512
-177.279 97.2471
24.774 22.5499
9.003 7.93385
-17.375 27.3472
-65.653 128.5
-167.718 64.5195
-24.61 47.2783
-43.177 40.5017
-23.832 68.2593
69.707 164.109
49.142 91.8842
-0.278 31.8988
141.507 128.73
-1.364 102.391
12.988 141.907
129.97 112.199
-5.208 5.39692
-1.439 68.1848
-167.589 58.4823
-26.694 65.7908
89.688 165.91
22.139 30.8847
0.826 1.48584
7.15 71.0411
-87.921 107.79
33.622 84.1304
10.019 70.7946
-21.689 50.3252
-4.839 86.8653
-75.251 134.019
-89.79 84.6482
178.865 103.596
27.003 159.024
-80.246 84.8694
-89.194 205.476
-7.676 197.951
60.612 185.551
-26.298 9.318
103.857 138.857
12.698 57.6174
11.596 41.6146
74.331 104.452
-25.102 27.1825
-90.237 157.94
-30.367 138.305
21.044 62.0274
29.323 68.9215
-11.473 148.859
22.085 18.949
156.662 32.5118
109.677 118.682
29.759 36.6366
102.929 105.37
75.292 22.2118
14.018 40.2275
15.754 154.097
34.886 51.3749
63.64 49.623
132.884 181.816
-147.402 143.475
178.762 48.4065
8.562 63.4247
36.63 151.124
209.449 76.2596
-1.597 2.29991
74.663 180.573
-1.434 82.3875
-30.59 16.8007
2.206 46.8481
-9.745 17.3506
-34.459 23.3053
-46.25 19.7744
104.848 63.3494
30.179 97.0144
15.581 59.5969
-89.97 124.122
36.536 224.344
66.4 75.3074
20.687 120.538
-107.867 70.3857
-36.055 24.5152
186.263 103.937
3.823 85.5146
81.686 199.526
-62.036 81.2181
-11.642 47.8028
-1.085 52.4888
-25.358 22.6489
54.624 102.787
-42.65 196.321
-84.265 171.519
-87.686 169.345
-72.34 152.845
1.572 13.0053
16.144 82.9435
74.431 63.2876
-5.192 3.20205
1.12 18.0653
-8.783 175.981
-118.473 129.613
-6.817 38.0949
-8.433 136.74
-77.98 163.562
71.956 193.878
-0.596 35.495
-201.173 41.4558
-10.872 63.3742
38.277 12.2846
97.762 86.1434
-27.818 202.498
43.38 185.187
14.646 82.3071
-59.527 102.348
1.446 3.40574
-1.727 12.683
-12.82 89.2843
6.438 57.6416
196.134 48.3265
-11.163 4.92214
-6.191 40.4287
34.424 44.8022
-10.762 29.1786
-14.001 5.38256
-207.594 80.0686
-6.001 106.331
76.101 76.6331
127.756 116.354
43.028 110.09
-6.864 117.6
-33.311 49.5426
-139.154 27.2654
76.427 82.2812
-35.748 129.974
42.337 17.4705
2.626 5.39482
-111.869 76.279
-175.538 83.0665
68.516 92.361
4.503 66.1469
-96.288 44.0844
1.115 9.33364
-78.131 93.569
-19.881 102.388
44.446 148.073
-129.22 134.34
118.354 129.315
-92.973 141.128
-46.339 73.7503
-0.058 1.09847
-6.923 6.20984
97.235 82.1623
-6.016 93.1058
-114.42 175.733
-19.533 165.552
90.822 76.582
8.491 7.45607
83.272 191.258
173.984 71.7552
-85.929 47.3267
-135.117 41.6816
99.335 91.7148
16.099 51.9633
-34.282 93.3011
-56.512 211.376
-53.491 36.0411
-195.445 29.7749
7.057 57.0653
-87.194 143.484
142.055 140.643
-205.522 96.6184
-55.442 57.2562
-79.137 51.2818
111.373 97.1643
4.988 5.05271
-108.883 84.6221
2.299 21.779
32.691 80.0846
-69.933 200.345
-112.169 88.8579
-27.401 43.1323
-8.033 17.7685
11.806 40.4107
-115.865 194.505
-55.162 49.7759
40.006 74.6566
-15.263 18.6508
40.826 70.9989
46.961 105.741
41.657 185.89
3.068 97.2516
11.133 31.9139
0.796 88.3964
42.724 64.4201
-38.262 131.653
-20.522 36.3007
1.979 196.59
20.197 79.2674
97.848 185.133
-33.107 101.749
37.139 198.455
-6.96 26.2945
117.283 73.6678
105.738 132.731
18.761 28.4752
-5.283 98.9591
104.604 78.6944
-96.667 151.01
-66.284 207.049
-65.717 191.54
11.855 128.153
-59.476 14.4238
-16.046 58.437
116.428 105.772
-41.845 189.229
17.935 204.214
-23.251 103.111
31.757 53.7146
-26.533 188.138
94.462 93.9104
-57.906 130.751
-22.768 69.4639
9.465 85.6788
-61.993 110.727
-92.497 96.9552
79.933 64.4826
59.013 183.546
-99.065 142.437
166.471 64.1402
-61.899 130.128
12.588 67.13
-96.016 33.5234
119.215 74.3507
-100.438 169.59
-101.309 81.6241
-23.184 45.3135
-7.962 70.6528
-84.501 177.181
-80.793 129.222
167.574 106.96
73.554 80.1701
-18.549 15.0713
1.241 34.6778
2.367 98.1715
-121.162 127.379
14.389 11.3069
-18.385 47.5709
100.563 79.0284
5.476 56.1335
-16.558 18.9966
-26.858 140.353
-32.526 58.8039
-155.752 98.7151
-27.277 215.581
-125.23 55.3087
-29.881 119.109
-10.855 7.85678
125.811 156.372
-48.871 195.278
-195.171 103.038
-22.591 198.921
-22.038 164.833
10.764 43.5907
31.549 92.1489
-67.019 103.734
30.068 73.1623
29.054 84.97
5.401 52.9251
-6.577 26.8049
63.263 84.4277
138.029 101.785
25.694 77.2385
151.849 41.8107
-81.443 97.4476
107.059 141.83
69.244 155.368
0.879 0.957789
-32.161 110.62
-126.035 42.4756
113.358 187.613
-58.954 93.9321
-39.594 64.1676
98.292 78.8333
-46.58 104.269
173.954 121.178
108.571 135.075
32.303 45.0075
0.139 47.2998
-3.066 3.0149
-61.324 111.784
-160.849 136.251
53.907 181.984
-2.756 35.4932
11.134 36.9594
65.384 93.8738
9.138 4.30197
10.173 24.2528
33.785 57.2785
24.266 57.597
-8.38 17.1635
-34.726 103.32
-59.188 3.64289
-33.204 5.14338
-51.666 53.1172
-47.066 40.3583
109.912 77.8681
40.17 211.418
24.039 69.4577
15.001 33.1652
-3.239 42.3764
-43.463 31.7082
-7.902 80.5132
124.087 99.5752
-114.016 89.4224
178.789 122.801
206.224 63.5712
-2.186 49.8521
-49.544 154.133
132.374 90.4058
49.501 40.2504
-51.722 220.207
-118.3 115.452
99.446 108.392
19.765 197.514
33.473 58.5006
-5.873 24.1975
14.855 51.5004
42.782 112.329
140.558 136.025
44.489 55.076
34.696 156.603
-159.126 107.08
2.847 31.3711
0.292 18.9978
36.729 154.7
-150.036 160.628
-7.406 186.153
-85.712 157.372
-32.063 27.4373
-80.806 58.0572
-70.022 90.9723
112.703 57.8872
78.483 22.3378
49.67 35.9247
217.164 65.7526
82.844 88.877
-73.358 80.2141
25.195 72.232
-127.743 157.511
69.131 204.005
-137.311 165.831
35.948 132.821
-1.753 17.211
38.392 98.9104
20.801 98.1194
5.921 122.857
-62.462 99.6406
-3.632 22.7114
-26.789 95.2027
25.317 10.479
-3.977 172.254
-3.993 46.0271
-79.826 40.0287
-10.73 60.4552
126.932 105.419
1.274 2.26648
-181.669 83.6443
120.864 136.474
12.332 23.3427
-15.024 7.51794
18.446 22.3773
28.394 87.2985
37.665 39.6666
10.059 10.9921
-28.81 16.6995
107.549 199.565
115.856 63.0476
26.153 122.642
-10.094 110.54
221.558 50.3179
36.797 106.735
-15.802 36.2015
127.932 17.3267
-0.879 2.23324
23.322 39.3011
-66.655 127.08
1.089 5.18691
-45.846 35.6897
-69.428 84.8051
142.11 107.186
15.076 6.70554
-2.363 22.4761
-73.526 108.903
28.814 120.709
40.793 12.6183
-115.079 126.753
-12.96 51.1847
-87.983 116.887
71.728 57.9304
-61.602 23.6895
8.614 18.7125
-152.999 146.46
7.021 21.6921
-95.241 108.005
-44.091 97.8227
24.189 86.377
-121.277 171.808
-187.513 88.3865
-6.321 208.104
47.471 174.768
-2.796 183.279
1.709 10.7652
137.065 124.102
78.024 69.5162
137.27 108.706
110.825 67.763
-2.944 10.391
-14.511 76.5365
-121.586 95.3263
-2.51 14.2811
34.803 58.3023
51.969 100.453
-40.926 83.9561
26.908 12.8062
6.878 209.887
-72.191 15.3264
27.79 37.0325
68.214 32.8229
-15.165 89.6261
-5.413 179.018
11.365 69.4766
55.478 55.1129
-70.459 28.7531
93.078 124.441
44.019 74.3457
26.59 183.887
-65.063 187.428
25.075 99.3856
198.147 91.6114
-1.338 2.57289
56.09 220.477
0.192 180.2
-14.204 18.2169
184.751 57.5267
-138.06 163.641
-68.637 44.3154
10.757 27.898
-21.925 63.84
-3.416 9.61098
96.501 133.591
-47.654 188.778
-110.331 120.119
-0.7 109.298
-27.758 26.3891
71.463 94.7773
81.802 194.823
31.413 34.1494
-47.665 220.507
-6.631 17.1636
-28.719 23.01
-43.99 97.2099
93.371 201.52
27.343 116.741
34.382 129.617
-28.299 130.671
177.76 34.0937
-13.707 181.483
59.883 26.0407
-81.226 153.991
-42.836 145.527
130.434 87.5636
-91.463 62.3619
12.403 109.802
-192.807 101.732
-59.719 100.262
44.056 70.1064
-18.169 46.2599
58.717 150.341
149.047 170.018
48.403 199.718
60.707 76.2949
50.208 173.376
4.014 13.4122
67.265 113.343
-1.341 11.7236
97.184 145.294
-64.548 114.338
38.269 41.8375
64.46 56.6264
-50.558 111.8
1.381 12.0209
-56.346 142.354
155.515 166.183
-126.721 119.238
95.158 46.7007
-106.852 71.5584
44.194 73.0756
114.645 95.4838
13.128 150.428
22.947 118.091
-10.269 13.7981
-59.177 194.079
89.729 70.3186
-44.087 29.4166
86.663 82.7137
2.406 41.4302
-65.217 79.9811
174.449 107.096
-110.05 67.1134
70.57 130.206
115.066 104.297
-161.457 49.5868
3.957 39.9043
-61.419 18.3444
82.764 36.6111
44.403 58.8223
-193.742 107.567
52.614 142.497
162.393 86.9376
-151.282 138.046
-0.497 1.09224
94.283 175.702
15.512 18.9639
-99.834 114.883
42.934 64.5207
15.862 147.55
153.335 43.5516
-0.492 21.3943
-39.567 124.462
-154.338 163.584
154.576 59.1313
-20.311 123.44
77.973 187.644
50.104 28.8172
14.887 31.1228
-60.253 7.35296
126.438 71.3896
1.412 14.632
97.529 126.46
79.87 73.1415
163.307 86.4978
-61.157 135.98
38.241 29.8308
23.569 181.173
-79.881 74.0151
105.031 107.371
-22.254 206.303
20.17 187.82
-2.409 4.49519
-114.746 126.515
45.318 183.795
72.883 150.034
3.739 85.0178
8.913 10.1394
-42.337 22.6181
-51.338 69.1203
39.825 168.456
-11.098 41.8536
24.702 5.4682
80.771 149.132
-151.524 133.281
155.56 136.414
-133.762 114.538
80.838 51.4087
36.662 48.0006
3.666 4.62282
-58.63 115.243
44.161 73.7957
39.323 157.773
111.961 67.0446
7.182 71.7414
62.874 86.0838
-52.51 112.112
58.723 198.079
18.549 112.379
0.248 0.654596
149.067 24.703
18.599 48.3458
68.931 136.817
-10.833 130.752
-93.889 65.187
-16.301 54.9324
-9.458 17.9621
-40.223 29.8684
104.342 105.805
51.962 45.0931
6.137 5.28651
163.768 131.294
-58.245 187.669
-29.051 95.4782
-2.73 7.09275
20.26 7.77318
-65.599 53.4222
81.244 147.506
90.789 65.9257
-119.8 58.4538
-72.689 49.4239
-119.664 37.1567
10.26 9.22889
82.747 110.19
110.883 127.14
92.919 138.642
-94.687 142.392
28.934 70.7091
-41.428 14.5235
-17.382 149.795
47.106 144.306
-59.284 69.8281
170.832 113.501
-63.564 77.1986
-13.196 116.958
-153.007 101.116
-141.819 56.068
-88.063 115.698
-125.176 89.5331
37.625 203.654
39.507 40.9488
18.853 30.7859
-28.694 63.739
-8.492 35.704
-1.676 14.7048
42.594 101.527
-156.101 88.6156
107.127 195.811
14.214 171.813
-68.87 58.5584
6.962 43.7495
-18.601 33.7083
10.149 96.1659
49.972 54.5784
4.095 27.1934
-97.106 76.9522
-50.07 74.666
-4.093 34.8605
4.958 104.282
-32.218 194.652
-23.699 56.3167
-40.654 51.229
-129.897 65.1065
-47.357 159.623
7.278 25.8967
4.98 156.721
-2.386 1.26373
-50.199 111.633
86.798 154.945
33.191 21.599
72.891 104.122
-39.883 93.7708
112.164 56.5208
1.242 17.9571
-3.091 9.29977
-150.244 115.322
-31.543 45.7865
19.16 222.978
102.66 109.503
93.986 18.0311
98.492 166.79
-164.05 137.106
22.321 33.9136
29.176 149.275
-70.074 58.6821
-177.193 122.649
77.909 18.6064
118.571 87.5653
159.337 161.681
-91.495 130.404
-39.597 179.177
-17.165 47.3869
85.887 51.4143
-1.629 3.87122
164.256 114.28
40.142 183.767
11.509 11.115
-14.306 94.2201
94.846 33.2338
119.397 79.2417
-153.84 139.097
-4.444 177.044
-89.528 119.978
1.219 16.1541
14.922 31.6597
0.588 72.1976
63.17 210.318
-14.943 12.8373
-59.636 25.3493
114.95 148.637
-57.19 179.51
-0.571 51.5968
21.75 21.2391
8.127 16.8417
46.664 111.315
5.271 84.636
90.784 36.9089
-140.584 68.0777
-32.186 161.015
1.436 150.593
-1.813 69.7765
-40.786 129.74
138.821 150.163
47.524 37.9224
9.121 111.628
-118.944 89.7403
2.522 12.1408
-45.541 63.3247
-11.092 172.343
148.287 75.9376
-103.107 53.8018
-86.524 190.578
3.738 24.8201
-52.422 117.321
45.064 59.7016
63.094 99.8336
-125.555 121.187
-22.419 130.285
-59.807 74.3255
-33.287 16.6077
-21.411 30.7867
75.685 21.5748
-10.048 85.1089
17.292 53.2634
68.607 164.03
36.975 10.3638
7.828 16.4305
25.335 155.348
13.34 10.6983
-23.828 32.6249
4.304 25.1342
-170.459 147.016
-45.146 34.9607
-64.6 175.807
120.524 49.7808
16.176 168.425
71.273 96.1678
-21.888 22.2341
-69.647 103.558
129.008 87.1747
-47.466 51.7206
-31.77 110.108
58.48 35.6699
-0.232 125
127.357 172.35
-165.904 152.581
-56.864 77.9662
1.911 20.9129
-4.879 23.1924
139.901 165.358
-6.883 210.888
-122.463 129.04
89.462 113.603
81.103 58.3294
-18.346 104.705
36.718 121.054
-0.038 0.398191
-120.439 109.09
-0.602 220.899
8.952 67.509
-107.81 181.029
-105.328 148.67
-38.323 23.587
-178.459 87.1455
32.746 168.854
-9.226 5.01308
64.701 104.96
14.138 209.123
-120.224 176.554
-11.31 15.5153
-125.715 119.138
48.234 55.5917
128.618 150.274
94.023 89.1955
-37.808 135.94
14.152 19.3835
71.174 162.059
-29.973 158.287
-43.932 185.879
22.29 125.638
5.183 41.0743
47.15 118.139
89.706 137.888
-47.638 115.458
-128.985 127.407
-136.12 74.5546
29.377 151.172
-2.143 65.0647
-65.245 80.6026
-55.123 48.4666
-64.621 124.194
140.457 106.883
30.769 18.3005
38.105 53.3982
-20.935 106.461
82.183 98.1323
78.412 13.1076
-15.362 168.802
-1.898 84.3787
0.853 9.05993
72.903 165.341
28.882 54.2962
-0.947 115.596
-13.534 16.7057
10.237 45.4617
-11.43 71.6946
-10.089 163.79
87.613 49.6432
5.319 84.132
4.534 86.4812
69.492 44.0925
-43.84 18.0226
-17.661 91.3077
49.932 179.276
2.878 161.174
-96.6 95.162
-56.645 24.4588
-163.573 111.392
-64.728 42.4387
-9.929 11.6407
17.486 87.4693
70.683 126.605
71.693 172.819
76.622 115.855
140.447 51.2337
-42.294 26.2918
9.141 174.661
5.641 136.283
-64.889 164.569
82.33 89.6251
2.782 101.962
-17.61 66.4047
2.152 37.7387
-29.473 117.562
-37.689 103.555
-75.369 82.9815
3.495 12.1056
89.126 135.758
-190.22 68.2698
-10.395 51.0525
-81.637 118.137
-6.095 1.95217
-129.32 91.124
-122.305 170.832
-141.479 158.69
-102.181 12.143
81.967 36.188
-21.167 82.8384
19.7 86.8949
51.586 154.622
-0.145 0.989432
-45.28 29.7886
183.481 119.381
-9.384 21.5451
121.25 95.2684
-9.346 221.203
-102.095 76.7066
9.125 209.001
1.521 17.7349
-102.477 191.505
-88.225 15.0532
-46.263 27.2658
26.696 135.495
-31.369 25.2997
-90.274 120.169
8.438 139.846
-27.904 20.7944
-48.134 145.126
68.698 89.2152
124.97 67.2169
88.814 35.3756
12.306 83.2959
139.973 32.5154
85.356 163.794
0.098 54.8999
-6.666 145.547
-13.633 86.2289
-174.825 117.425
13.973 102.855
52.519 158.527
-86.462 102.243
21.041 84.9325
-98.156 116.058
-56.622 40.6453
2.451 47.8373
14.298 205.904
56.04 57.5118
-8.572 18.1805
-17.148 29.011
-22.459 27.1041
16.353 223.603
47.27 37.1155
-77.351 102.361
-10.024 34.2638
-99.853 110.456
-51.018 197.621
27.231 66.2196
-29.389 191.053
-83.018 82.302
40.074 86.6852
17.141 110.175
-64.555 97.579
64.33 71.2576
-3.526 41.651
-52.747 213.583
-1.922 93.5803
149.135 90.0244
69.484 203.568
165.931 42.5511
62.826 80.4817
23.952 158.298
-83.019 150.752
-72.349 169.832
124.276 118.04
-57.013 77.1124
-2.786 14.8408
-88.626 111.204
-115.079 107.971
-141.758 149.881
131.464 150.191
-86.392 159.734
-156.547 123.666
118.769 185.424
-41.039 25.0881
-6.023 6.41588
-35.051 52.4694
-82.021 91.9282
93.479 16.9315
-11.144 214.31
174.559 120.832
-33.111 126.746
-0.519 5.375
141.894 123.024
71.483 76.7736
23.583 53.9727
64.766 88.5407
63.116 89.9688
-15.632 12.1524
-141.079 160.113
23.866 8.69333
7.428 28.3428
170.711 127.551
-69.137 22.8016
63.915 118.911
-26.694 47.5151
-0.292 213.7
62.699 73.2243
25.69 133.857
-12.022 171.479
6.686 66.5651
9.273 48.7255
65.718 22.614
-33.657 135.791
20.748 94.9598
-132.43 106.435
29.157 58.0936
35.099 23.6083
14.046 22.5892
67.534 51.6155
121.284 144.952
-10.175 5.77576
-22.078 18.3372
21.225 183.778
-144.733 164.757
-27.195 48.151
143.889 133.234
-6.985 208.283
207.228 75.0514
-157.522 161.639
81.534 30.92
153.513 126.471
18.212 142.743
191.075 119.375
193.768 25.9656
-12.118 37.4902
-18.872 28.1613
-85.574 148.74
93.198 39.1835
33.284 28.4713
-58.992 89.3888
52.244 174.445
109.778 134.483
-3.919 5.3105
-54.032 10.2734
-42.991 12.2419
35.599 51.1273
-89.779 185.185
88.119 88.092
-111.952 131.893
1.369 183.195
-46.387 37.898
20.934 21.4888
-105.806 81.5724
-54.077 163.489
28.624 34.8522
46.784 122.04
-121.151 99.8571
90.507 87.5174
-26.268 29.7671
-52.839 126.942
-132.053 140.752
144.256 33.0788
-164.444 119.877
-16.031 34.3426
-0.329 25.5979
10.289 69.543
-91.396 133.756
-152.892 116.138
54.803 34.3907
-19.551 200.449
0.203 2.49174
129.163 60.8996
18.783 123.277
1.868 59.3706
133.659 81.2172
-75.453 91.503
-33.956 184.298
-77.517 158.9
17.172 114.823
108.948 179.996
165.392 102.92
-7.043 68.6396
62.89 54.165
-10.825 134.666
5.792 48.2536
-102.64 93.2884
-22.619 18.4667
-52.111 72.1488
-65.15 117.668
67.903 191.625
5.568 1.624
-91.615 149.689
104.944 22.8367
26.174 169.794
77.126 198.761
13.589 178.283
-56.394 37.9963
-86.896 118.195
-5.61 29.5726
-34.716 54.2417
66.171 34.6625
58.116 127.038
49.741 27.8358
71.605 180.84
131.611 100.508
-32.06 39.4055
-18.812 74.4604
-48.216 186.983
133.036 133.966
124.003 50.2563
-0.123 26.0997
42.264 29.0765
-43.442 183.631
98.109 17.7402
112.214 166.881
-120.871 142.423
-85.447 81.815
-75.422 77.4412
-44.843 97.0398
32.851 125.264
68.175 145.301
-16.029 85.4089
-105.479 29.0265
12.409 29.8212
3.301 10.7025
115.97 176.871
-125.563 108.122
-12.727 176.241
-44.746 68.9539
-52.461 58.9326
-89.448 162.624
-87.809 173.326
77.49 90.444
44.275 23.232
154.762 133.369
60.796 130.757
28.126 83.0676
67.214 46.0926
-37.436 165.109
-61.942 164.099
97.314 109.375
-48.216 76.3499
70.37 24.1542
-67.831 25.3124
-17.167 196.652
-102.698 148.193
0.103 58.7999
52.617 99.6631
-30.035 32.4274
-87.426 150.904
31.929 105.578
-5.219 15.5474
31.598 188.267
-42.429 67.3494
0.779 14.1786
-64.365 81.6893
67.477 92.7521
-179.05 113.326
0.245 4.99399
6.463 173.58
-203.258 30.9442
-80.486 70.2015
-142.357 159.649
5.07 88.7553
112.922 118.102
7.32 82.9778
-1.195 3.28968
-5.976 15.487
2.932 3.67333
20.999 49.8583
17.419 120.952
51.1 79.3735
-9.156 152.425
175.567 141.992
57.113 199.693
3.61 2.68661
-26.878 149.91
51.22 45.3329
-46.916 176.263
-143.743 74.929
-38.29 190.796
-44.617 16.2964
-2.01 6.91375
-45.404 48.9971
-54.062 131.739
-86.212 34.0702
-41.133 41.5972
-29.091 14.9333
-154.438 14.3148
-53.501 154.816
107.447 51.6118
159.512 123.446
55.062 56.9282
-51.976 115.658
29.546 32.1982
4.617 26.9068
-0.965 5.41468
20.909 181.802
-29.577 174.106
11.409 40.4207
19.015 130.32
-71.169 10.2266
-176.285 85.4424
93.917 162.514
60.318 127.115
-35.27 72.4734
-27.437 21.0801
48.449 143.439
-3.197 71.929
98.771 133.169
-0.834 1.12447
-126.213 96.5375
-15.027 177.866
40.682 64.0764
103.631 46.0454
74.753 122.14
1.491 55.1799
-30.758 50.9332
-1.206 3.17892
-1.347 202.296
-34.979 165.136
0.041 11.4999
14.984 223.799
-89.792 203.905
205.129 88.7375
35.035 37.61
-56.061 217.594
4.419 35.0223
27.152 40.7893
29.032 44.2216
-28.577 49.5499
94.791 173.379
-4.135 22.8285
1.785 5.4133
50.237 159.894
-0.029 163.5
2.079 44.7517
-93.805 118.201
0.286 0.52745
-74.009 137.44
-1.454 94.5888
-27.239 186.016
-29.073 48.2126
-17.032 135.131
26.267 100.215
-139.147 165.471
-70.577 85.1543
-66.48 18.8473
-9.613 53.1375
28.215 14.45
-53.044 135.486
43.913 164.023
28.928 193.146
25.39 15.2154
8.478 59.903
87.748 36.6647
29.305 123.162
93.486 127.499
-35.793 91.1223
8.993 137.105
56.83 71.0729
-95.275 166.809
-80.639 90.7486
-0.373 5.1866
-63.618 96.4002
-78.721 64.0723
30.936 72.0384
165.242 142.959
0.373 38.0982
-85.581 78.6024
-43.41 58.3169
109.318 41.976
14.303 69.136
53.92 75.0359
-158.068 117.573
2.478 7.39591
-1.255 163.895
54.418 210.066
8.615 121.695
1.557 41.1706
8.088 7.45548
-93.865 157.792
36.115 38.2422
1.9 24.3259
58.929 204.166
24.305 122.818
9.257 98.2649
6.901 78.4972
30.753 58.0581
-13.337 185.521
167.004 147.779
-58.717 200.478
-17.58 31.9874
1.011 132.796
-65.896 47.275
33.64 123.604
28.453 52.3697
-6.867 9.71876
-122.363 67.1971
-0.03 0.197737
98.028 194.157
-131.383 27.8388
-59.031 143.319
18.068 68.8694
-161.333 29.4561
-6.767 50.2464
6.737 24.9049
3.361 52.2921
-14.503 18.8707
4.731 49.9766
-31.625 106.608
-9.649 31.1393
-1.902 13.0623
-61.128 68.0854
13.414 41.275
-71.598 111.727
43.213 204.279
28.693 40.3356
17.718 21.8101
3.143 30.036
-32.669 40.4566
-38.997 90.5604
-110.768 129.749
-52.022 126.955
-131.943 146.018
155.256 132.639
119.157 149.913
30.132 79.6938
-78.24 176.867
-102.184 199.784
-104.267 91.0107
-48.633 215.172
-98.469 175.228
-174.005 58.8893
42.367 35.8509
-71.047 112.315
-38.675 130.281
-1.225 4.7444
-63.906 72.0397
75.773 139.442
-30.121 10.804
-0.5 32.7962
-6.066 14.4808
-4.372 1.98132
-0.524 0.731727
8.002 47.024
-83.304 24.3861
32.335 195.545
0.6 0.52915
-7.946 7.75055
-31.569 184.519
-7.167 27.3774
19.933 181.71
58.198 104.142
-144.878 102.03
68.615 83.1434
-7.091 19.6603
-71.795 23.682
-35.804 154.403
-63.749 178.137
29.648 196.071
-33.424 73.7824
83.89 91.7222
54.144 59.9756
110.777 21.2673
-41.09 130.169
29.445 54.3344
-62.737 34.7125
-0.461 2.96437
52.574 47.5687
-32.891 136.493
43.543 145.212
-124.773 89.2371
33.231 41.4163
-15.511 148.794
-102.983 113.828
-10.09 50.9097
2.761 13.623
-24.294 120.169
28.648 77.4729
24.897 23.7381
-155.047 148.08
200.067 97.5908
-5.032 7.09711
15.322 93.6549
-125.603 134.598
-5.576 22.0045
49.893 165.545
-23.616 24.8752
116.759 164.347
9.224 45.576
-0.929 20.3788
97.659 196.02
130.234 124.399
-132.736 122.759
7.083 160.844
-181.924 125.125
-92.515 26.3707
21.342 50.7989
3.749 18.4224
18.238 77.6879
80.77 103.264
45.701 15.3186
19.299 124.817
85.638 124.974
-12.425 161.824
200.129 95.6223
72.89 98.9518
-24.96 49.9063
-2.857 9.26971
-70.913 80.9265
-38.585 24.8598
0.244 76.8996
-3.3 87.5378
-30.456 19.1946
-12.701 19.055
190.874 112.38
-76.684 83.2695
-162.278 132.499
-31.775 103.429
44.66 27.0245
-132.421 96.071
24.355 64.7725
111.548 136.653
-99.686 108.851
-0.126 1.99603
-99.233 30.79
-10.281 39.6901
154.337 62.2017
-0.945 65.7932
82.874 98.858
-62.972 29.6427
54.17 159.027
-187.321 109.147
-57.793 121.118
-8.621 93.6038
68.989 46.8623
122.021 190.941
208.613 43.0072
-31.957 61.4918
-100.58 73.3752
1.162 147.695
-120.344 89.5395
2.832 140.271
73.945 90.0244
-72.725 111.833
0.966 3.98458
52.211 129.684
46.438 5.80966
6.14 48.7146
8.661 6.28308
16.374 95.5066
0.274 8.29548
142.723 124.052
26.994 29.5182
-3.794 154.653
31.488 82.8159
3.398 21.0272
-119.014 145.92
39.061 4.32762
-171.548 132.402
-1.04 3.13184
-188.228 80.9582
60.848 16.3255
26.838 114.805
-104.222 125.717
145.626 40.6756
145.843 82.1741
-86.115 173.84
19.621 45.2273
133.193 69.8555
52.647 218.548
-83.618 99.5391
42.33 43.9223
-16.262 23.2832
42.755 153.351
113.548 80.8654
-7.846 77.3028
-2.098 225.49
216.26 51.0338
-0.487 9.98813
-3.278 6.52263
-116.223 29.87
5.089 17.1614
42.075 37.2577
-9.964 92.0624
208.898 81.1322
8.472 4.515
-63.326 206.822
139.557 178.779
70.681 152.518
-12.359 91.267
-99.551 164.059
-160.014 81.9973
-21.053 58.5287
-1.925 12.5533
-122.545 49.3268
-19.625 152.845
-87.471 78.3044
-96.146 20.4655
34.46 166.981
-76.053 165.018
-64.326 23.8354
-155.864 23.9938
-85.942 88.1339
-46.546 130.232
-115.169 179.06
-218.924 14.4445
-98.537 122.484
-54.403 44.049
190.287 72.4142
-11.843 25.9228
-40.898 43.9016
19.906 33.3045
-118.125 78.9867
10.625 55.7974
-185.859 51.6415
17.621 61.2143
11.107 10.6675
-1.528 2.69726
-76.673 75.6343
-39.675 114.311
-100.168 175.875
126.427 37.9501
-95.497 88.5006
60.48 30.1982
-56.749 20.0896
46.07 153.433
-28.547 194.617
94.225 108.098
142.652 121.683
-83.491 191.599
118.815 180.266
-164.422 46.607
-109.066 159.471
-114.673 24.2063
-36.398 62.7012
10.218 14.3301
-11.329 161.303
-55.863 111.152
-155.49 109.886
73.996 93.9614
-90.734 140.558
-118.062 171.004
-121.012 112.313
1.168 22.0691
-13.237 37.5343
85.678 61.7304
4.209 6.68538
-12.544 107.168
108.959 32.8386
-3.423 39.0503
-15.607 49.917
96.94 91.2044
-69.542 193.057
-59.995 99.1636
33.601 191.17
103.769 153.64
22.32 23.209
15.78 132.564
-134.981 183.005
66.595 38.8525
116.992 120.987
-0.662 2.09804
-0.661 18.5883
-3.817 22.9852
-5.271 19.5002
-11.067 81.2497
35.445 63.7029
58.556 118.636
0.297 7.69427
-4.251 8.49582
84.403 73.3169
-72.227 154.115
8.058 123.337
-14.573 211.198
-4.524 74.9636
-35.557 97.8392
-1.42 60.8834
35.731 163.849
-13.662 45.5973
-21.831 223.938
37.504 21.2382
-58.339 128.914
-6.381 9.44684
0.035 0.093675
-21.119 44.1044
3.534 0.686181
-159.241 153.387
-45.363 152.183
32.874 17.1962
-34.343 71.1446
-25.63 58.8621
-0.441 48.798
-106.703 167.619
-160.438 112.063
1.227 26.4716
-139.066 20.7125
23.961 88.8249
-29.22 190.472
23.679 162.585
5.717 2.64687
-71.372 86.1838
6.483 62.8666
4.437 65.9509
6.562 32.545
146.612 161.064
-95.713 197.533
36.842 97.897
6.276 103.31
-137.119 50.1436
147.992 102.462
115.034 142.453
98.243 150.109
-119.431 175.642
71.889 193.156
21.911 21.5034
-31.77 96.0839
-3.165 146.166
97.957 182.355
107.922 164.091
-118.233 90.346
-75.438 95.6261
-31.818 48.3738
-173.502 97.662
10.606 202.422
-60.455 16.2466
-26.308 6.07364
12.1 9.19946
64.429 93.5621
-72.022 55.2944
10.295 126.983
-172.063 79.4013
-66.156 20.9701
-3.369 199.672
65.189 63.9225
-26.997 16.8048
-28.922 212.541
-116.498 79.4306
-28.763 74.6505
13.372 107.774
83.828 39.8084
-164.347 102.328
-43.507 149.81
-9.91 50.7413
16.917 77.4745
131.022 67.0901
-23.704 101.981
188.45 108.995
-0.225 19.3987
-26.986 101.473
55.099 131.525
93.12 98.1568
-29.704 60.1671
2.68 15.8754
4.516 42.6616
159.518 153.387
-29.92 133.385
-36.829 92.2178
14.024 26.1805
65.085 144.63
-68.249 59.7375
-8.938 4.25701
-13.742 66.2906
-3.558 30.0904
4.075 70.3821
-189.437 101.679
-13.057 75.1745
-13.96 28.1261
-70.333 89.3362
-7.943 49.8714
-10.254 40.0068
-26.774 122.611
163.043 150.668
88.386 131.448
224.708 24.1312
-20.923 77.1119
-19.399 30.2074
159.339 70.6511
1.964 46.9589
-4.07 5.57181
36.286 86.8224
139.882 148.352
114.356 164.569
43.213 91.7311
-19.631 179.53
131.151 45.4407
-62.65 74.0539
-139.738 163.001
9.289 115.026
-2.258 13.4112
-58.889 182.326
-20.381 196.948
-7.716 170.926
-96.664 137.649
141.175 89.3982
28.081 49.1428
65.716 63.9554
-154.604 147.241
-218.275 46.148
14.057 6.76467
-87.26 94.1926
5.327 185.223
51.992 147.399
188.736 119.525
18.388 207.888
9.238 85.8041
-88.262 107.64
76.874 124.24
-13.025 118.687
53.119 50.51
33.468 139.851
11.705 42.5183
-40.833 50.4448
46.98 80.3772
33.615 218.631
-2.957 220.08
61.5 12.7118
-40.773 138.837
117.564 24.5503
-39.317 181.49
-0.623 1.47373
-64.189 138.884
81.429 183.001
11.828 30.2712
45.754 94.2847
-4.646 24.2591
-39.655 144.456
-30.269 6.2127
78.074 201.396
-15.968 169.55
17.812 10.148
97.611 188.98
34.054 28.6457
140.327 135.401
120.71 158.209
-116.274 185.702
127.742 97.3362
-34.299 107.144
1.602 15.417
-4.832 78.1508
-10.037 29.9636
66.617 37.8118
-13.493 79.0568
-20.564 90.903
4.288 4.47806
127.823 83.7205
11.756 28.6844
57.601 177.067
-14.554 120.726
79.984 150.801
3.136 6.25823
137.054 146.344
113.275 74.9027
7.475 9.76803
-9.28 91.8323
-121.841 101.063
119.301 100.204
-48.164 112.199
5.068 38.6693
132.145 91.445
-114.66 168.728
11.55 8.08749
-84.679 142.894
10.719 28.8746
-62.939 198.354
-37.32 207.165
34.263 52.749
71.722 59.985
58.427 62.148
10.175 27.0496
-33.283 109.974
20.314 124.554
-55.499 116.894
-169.684 88.5511
-153.018 61.4614
80.145 33.0707
8.447 6.40376
17.656 5.5241
-133.453 55.4125
-4.991 20.0893
-80.046 37.0389
179.866 51.1588
-95.856 146.652
15.069 24.5431
-137.304 117.012
9.1 154.132
102.975 36.0411
2.213 82.8705
133.802 69.3362
-18.73 12.1028
44.843 184.735
28.757 48.1689
99.236 136.178
-1.585 7.22826
-12.726 14.9067
-70.14 215.156
-65.189 82.8224
-0.436 0.244753
-9.692 65.4867
-82.597 176.533
94.813 149.938
3.353 49.2861
2.195 186.887
66.929 82.4557
-96.613 118.121
-0.345 192.5
205.952 77.07
10.611 15.6402
38.322 120.451
-121.55 52.4915
-114.533 136.519
1.564 7.84563
80.742 79.4835
-3.874 45.2344
-23.679 47.863
-126.486 182.929
101.446 65.7687
-28.299 4.13843
68.129 200.332
26.752 182.045
-2.136 45.1495
-113.849 94.877
-14.233 23.0615
62.538 99.4749
37.928 87.3184
-24.071 29.0151
-13.008 187.148
78.762 209.589
6.037 20.7392
-19.487 80.3713
73.094 51.4745
47.417 9.19337
103.67 148.979
-100.014 32.2988
60.905 49.6844
-57.174 6.9924
21.075 25.9115
-192.709 41.8459
-26.659 212.333
134.404 115.632
33.264 153.129
37.092 67.4773
-30.996 20.9286
9.218 43.4326
-4.416 58.4334
40.607 101.692
149.639 59.1353
16.818 24.1146
-77.136 136.63
60.327 126.557
-25.229 220.864
-113.045 126.968
-37.182 112.937
-145.448 108.401
-72.574 203.974
-103.955 177.035
23.045 18.4168
30.692 141.817
-19.331 98.3176
98.036 108.054
108.673 159.012
23.31 33.4856
-13.348 104.955
43.112 65.1227
-60.871 108.261
-2.741 14.3404
-86.749 162.607
191.969 104.146
26.147 9.44322
112.719 13.292
139.146 42.869
63.009 153.469
6.252 16.3451
-126.874 121.979
22.132 90.2252
-24.938 106.314
-57.354 127.164
-27.201 88.4102
-78.603 46.2494
-5.424 43.1605
63.354 155.381
5.381 38.728
50.828 200.147
101.782 196.167
23.439 121.459
-84.735 73.8494
-58.176 68.6699
83.452 47.6547
157.277 146.444
-5.722 150.391
6.426 146.459
-4.572 18.7506
69.62 15.3865
-35.661 69.1457
28.306 79.1933
101.166 62.6613
72.499 66.5316
10.497 8.16719
-23.37 72.3177
-9.869 14.3305
83.887 190.88
15.651 131.572
-13.336 21.9691
-137.61 173.823
31.441 97.8739
118.347 87.0264
-175.157 45.2199
28.255 96.9673
12.69 16.9825
2.905 8.41255
14.331 6.88712
-57.141 199.165
155.098 143.647
56.471 68.5308
30.725 19.142
85.497 207.583
-1.784 6.56181
-51.203 179.541
28.27 35.6519
111.928 120.823
-56.08 165.454
18.29 113.638
-48.433 22.7265
160.029 103.901
57.352 86.0367
-51.656 106.649
-80.161 48.9022
60.975 182.271
73.369 204.327
-15.946 53.3687
-25.024 138.965
-25.145 164.085
1.738 10.2537
28.636 50.6677
10.856 13.9799
48.56 47.3156
35.364 93.1104
2.262 30.5163
161.321 61.3701
27.842 75.5319
25.652 77.147
154.979 42.8736
-34.264 25.648
-1.516 4.13059
3.495 83.1266
-30.358 142.604
4.48 24.1886
137.918 70.297
3.437 2.04622
-1.482 75.1854
50.974 54.4684
-9.99 56.524
-16.014 31.5707
1.525 8.26041
-7.713 102.009
-2.177 2.34535
84.996 97.9682
61.201 126.803
52.615 153.429
24.845 195.326
-56.66 193.37
126.546 56.5338
13.821 86.9079
-27.799 19.9212
50.144 98.3552
0.459 61.8983
-39.723 133.203
-178.835 96.9
112.728 117.596
-12.744 98.378
-58.428 148.735
-24.502 118.595
50.184 30.4509
-33.457 104.579
32.769 4.66933
6.752 9.43242
-176.436 117.715
-173.979 85.6068
8.981 88.2442
3.425 8.32282
55.815 169.97
90.735 150.692
1.797 37.2567
17.849 48.308
94.166 80.6769
86.754 115.434
0.504 21.9942
138.496 168.224
107.487 91.1008
-20.415 195.135
-30.734 184.052
33.372 68.0584
111.34 156.911
159.126 91.9856
-30.574 137.953
11.931 110.759
-24.231 11.4498
103.053 196.519
-128.69 49.8285
-82.22 106.569
58.11 84.5576
-6.233 1.84383
156.056 142.161
74.601 21.3647
74.213 189.807
-1.029 1.47687
-2.776 174.578
-23.709 162.681
45.272 11.4602
52.738 152.964
-115.855 33.496
-2.998 27.5373
21.934 8.15228
-75.475 56.3663
68.759 178.944
19.381 11.2311
62.033 143.681
101.997 198.981
-87.487 208.271
156.21 109.21
-15.942 128.817
49.928 99.8086
35.128 55.7569
61.041 122.203
-69.951 192.271
-26.414 33.1672
100.307 37.8199
36.989 21.9275
32.522 113.43
-65.561 10.5221
-0.479 132.599
-0.526 25.8947
-144.346 80.3447
32.275 54.4538
-168.24 62.8607
70.305 67.6976
11.095 19.5742
-42.942 108.405
25.349 144.29
29.299 70.8834
-13.111 8.81712
-17.178 141.259
-36.857 223.481
-133.187 67.6874
-73.76 68.703
70.792 130.313
-78.097 129.586
-164.729 87.4449
135.961 80.4898
87.601 68.3321
2.57 64.5489
143.782 76.1448
-56.561 81.008
0.101 0.282487
13.489 43.9778
-36.834 212.532
65.829 33.582
108.218 64.7308
-35.362 86.879
2.775 146.774
18.843 55.2766
-27.01 69.1093
130.087 56.9331
47.845 210.737
7.838 31.1284
82.721 38.1634
8.068 53.2928
51.769 42.0578
-107.839 177.745
-8.11 66.1044
27.03 69.9598
14.518 18.6061
-62.519 214.369
57.99 179.358
26.986 39.4537
64.106 51.2916
-26.986 128.701
56.822 91.2552
6.991 57.2749
74.103 130.303
3.594 13.9443
24.557 206.142
-1.433 1.53509
-36.475 104.624
51.444 50.0875
109.576 189.154
12.763 58.9338
-83.217 34.539
11.088 34.88
-14.209 9.33297
-35.343 37.0447
-27.036 40.5061
67.793 32.775
-82.339 165.108
-134.382 96.4294
-1.974 25.925
134.429 161.074
-12.813 135.496
31.673 55.498
-187.206 101.182
-13.442 35.7569
-1.415 81.1877
49.395 138.983
43.12 89.116
7.984 181.625
-148.041 60.4307
-31.875 170.954
75.566 45.6801
-1.245 0.836645
11.416 43.8379
-21.229 43.4959
112.972 134.565
19.509 80.1601
-25.812 76.1439
-71.871 71.388
-0.355 100.599
5.837 208.218
40.052 88.4548
-0.405 141.699
10.464 62.7333
-115.984 157.751
-21.509 81.0961
-26.106 201.314
197.989 97.0598
-30.386 81.9479
127.284 53.8333
43.832 215.895
158.159 118.288
11.406 78.5765
4.269 20.6636
107.538 115.62
15.706 86.6887
-29.503 102.228
32.012 44.2311
47.529 55.4075
56.208 191.731
3.088 16.6155
-155.049 96.4498
135.325 84.6127
41.038 180.904
136.952 53.4149
-114.196 73.306
131.896 82.5518
-12.047 3.33464
33.655 62.1758
-57.4 124.175
65.33 25.4166
-35.048 107.427
-2.109 5.18769
-26.829 30.6055
-19.977 98.9026
-5.862 161.394
36.364 159.097
-58.117 195.233
24.839 21.7261
-83.065 11.0746
-9.818 49.6384
14.689 13.5733
49.751 203.095
-48.757 73.0178
40.332 94.7752
156.555 107.483
3.29 83.4352
-22.537 165.977
-2.627 96.7643
-8.209 110.997
126.341 126.238
-42.579 180.136
9.692 97.3186
76.081 116.688
-27.069 30.927
-45.578 49.1085
-15.921 18.2253
-10.956 83.2824
-185.269 118.083
119.305 39.8993
-37.217 207.59
76.355 165.759
59.916 143.927
134.688 133.586
34.798 106.141
44.813 111.857
4.101 7.10083
4.378 7.40224
-104.489 141.999
132.365 85.541
64.712 166.893
-5.942 24.0776
-70.593 197.992
-114.875 106.43
-100.967 53.1458
-91.774 197.962
-66.435 189.492
127.939 176.633
-50.383 29.3333
33.394 14.2313
87.407 161.8
-113.059 123.181
94.096 90.8547
93.003 55.6866
-13.805 34.2203
-2.281 0.295024
1.051 4.47833
-166.191 130.33
49.867 119.189
170.821 96.1051
81.221 172.097
-3.76 38.7179
78.215 35.5137
-57.372 85.6625
51.269 79.3835
-82.826 64.8606
-3.24 21.9623
54.66 211.759
-68.722 118.864
58.597 66.3223
69.883 204.806
65.382 174.023
160.176 118.592
-74.938 140.8
34.206 109.271
-2.23 16.1467
7.664 29.5214
-124.179 127.668
20.845 34.022
0.246 59.7995
-78.529 84.4233
-8.469 120.503
112.412 120.236
5.216 148.608
-19.539 194.119
-8.768 9.46214
20.275 13.3946
84.594 108.651
194.934 66.2989
-13.932 109.114
57.351 50.1727
42.384 112.693
-2.925 9.87595
40.566 73.2126
-57.245 35.3879
87.184 179.108
8.252 30.1926
-170.384 144.952
-75.992 51.68
-104.32 132.451
17.455 61.0539
27.239 57.2503
-0.355 1.86654
-39.717 22.4036
-2.157 68.8662
8.781 98.1078
28.084 167.056
71.842 61.8528
-19.63 50.6276
-110.618 49.773
39.668 143.104
166.826 134.353
-24.26 91.5398
4.066 7.46443
-86.653 126.824
14.866 29.3498
-21.426 18.3348
131.798 79.27
5.6 203.023
-117.43 67.6051
-100.64 132.265
-3.421 27.7902
4.952 144.715
-43.219 83.1373
