20 12
8 11 7 19 6 12 11 1 13 7 5 4 8 15 18 13 9 15 17 10
0 9
0 0 0 0 0 0 0 1 1 0 1 0
0 0 0 2 1 0 1 0 1 0 1 0
0 1 0 0 0 1 0 0 1 0 0 2
0 0 0 0 1 1 1 0 1 0 1 1
0 0 0 1 1 0 1 0 0 1 0 0
0 0 0 0 1 1 0 0 0 1 0 0
0 0 1 1 0 0 0 0 0 0 0 0
1 0 0 0 1 1 0 1 0 1 0 1
0 0 0 0 0 1 1 1 0 0 0 0
1 0 0 1 0 0 0 1 0 1 1 0
1 0 0 0 0 0 0 0 0 0 1 0
0 1 2 1 0 0 0 0 0 1 1 0
0 0 0 1 0 0 1 0 0 0 0 0
0 1 1 3 0 0 0 0 0 0 1 0
1 0 0 0 0 0 1 0 0 1 0 3
1 0 0 1 0 0 2 0 0 1 0 1
0 1 1 1 0 1 1 1 0 0 1 0
0 0 0 0 0 0 1 1 1 0 0 0
0 0 0 0 1 0 0 0 0 1 1 1
0 1 1 1 0 0 0 0 1 1 0 0
1 0 0 0 0 1 0 1 1 1 1 0
0 0 0 0 1 0 0 0 0 0 0 1
0 1 0 0 0 0 0 0 1 0 0 0
1 1 3 1 1 0 0 0 0 0 1 1
1 2 0 0 1 0 0 1 1 0 0 1
1 0 0 0 0 1 0 1 1 0 0 1
0 1 1 0 0 0 0 0 0 0 0 0
1 0 1 0 0 1 3 0 0 0 1 0
1 0 1 1 0 1 1 0 1 0 0 0
0 0 0 1 0 0 1 0 1 0 0 0
0 0 0 0 1 1 0 0 1 1 0 0
1 0 1 0 1 1 0 0 1 0 0 0
0 1 1 0 1 0 0 0 0 0 1 0
0 0 0 1 0 0 1 0 1 0 1 0
0 0 1 0 0 1 0 0 0 0 0 0
0 0 0 0 0 0 0 0 1 0 2 1
0 3 1 0 0 0 1 0 0 0 2 2
0 0 0 0 0 0 0 0 0 0 1 0
0 1 0 0 0 1 1 0 0 0 1 2
0 1 1 0 0 0 1 1 0 0 0 0
0 1 0 0 0 0 0 0 1 0 1 0
1 1 1 1 0 1 1 0 0 1 0 0
1 1 1 0 1 1 0 0 0 1 0 1
0 0 1 0 0 1 0 0 1 0 0 1
0 0 0 0 0 0 0 1 0 0 0 0
0 0 0 0 1 0 0 0 0 0 1 0
0 1 0 1 1 0 1 0 0 0 0 1
0 1 1 1 1 1 0 0 0 0 3 0
0 0 1 1 0 0 0 0 0 1 3 3
1 0 0 0 0 0 1 0 1 0 1 0
0 0 1 0 0 1 1 0 1 1 1 3
0 0 1 0 0 0 0 1 1 0 0 0
0 1 0 0 0 0 0 0 0 0 1 0
1 0 1 1 0 1 2 0 0 0 0 0
0 0 1 0 0 0 1 1 0 0 0 0
0 0 1 0 0 1 0 0 0 1 0 1
0 1 0 0 0 0 1 0 0 0 2 1
0 0 1 2 1 0 0 1 0 1 0 0
0 1 0 1 2 0 1 0 0 0 0 0
0 0 0 1 1 0 1 1 1 0 0 0
0 0 0 1 0 0 0 0 0 0 0 1
0 1 0 0 0 1 0 1 0 0 0 0
1 0 0 0 0 1 1 0 0 0 0 0
1 0 1 0 1 1 0 1 0 0 0 0
1 0 1 0 0 1 0 1 0 1 0 0
0 0 0 0 0 0 3 0 0 0 0 0
2 1 0 0 0 1 1 0 0 1 0 1
0 0 0 0 0 1 0 1 1 1 1 1
1 0 0 0 0 1 1 1 1 1 3 0
0 0 0 3 0 0 0 0 1 0 0 1
0 0 1 0 3 1 0 1 0 1 1 1
0 1 0 0 0 1 0 0 1 0 0 1
0 0 1 0 0 0 0 0 0 0 1 1
1 1 1 0 0 0 0 0 0 0 0 1
1 1 2 0 1 1 0 0 0 0 0 0
0 0 1 0 1 1 0 1 0 0 0 0
1 0 0 0 1 0 0 0 0 0 0 1
0 0 0 0 0 1 0 0 0 0 1 0
3 0 0 1 0 1 1 0 1 0 0 0
1 0 1 1 0 0 0 0 0 0 1 1
1 0 1 0 1 0 1 1 0 0 0 0
0 0 1 0 1 0 1 0 0 0 0 1
1 0 1 0 0 0 1 0 0 1 1 0
0 1 0 0 1 0 1 0 0 0 0 1
1 1 0 1 1 0 0 0 0 0 0 0
1 1 0 1 0 0 0 0 1 1 0 1
0 0 3 1 1 0 0 1 1 1 0 0
0 0 0 0 1 0 2 0 0 1 0 0
0 1 0 1 0 0 0 0 0 0 0 0
0 0 0 0 0 1 1 0 1 0 0 1
1 0 0 1 0 2 0 0 0 1 1 0
0 1 0 0 0 0 0 1 0 1 0 0
0 0 0 1 0 0 0 1 0 1 1 0
0 0 1 1 1 0 0 1 0 0 0 0
1 0 1 0 1 0 0 0 0 0 0 0
0 0 0 1 0 1 0 0 1 1 0 1
1 0 0 0 1 0 0 1 1 0 0 0
0 0 1 1 0 0 0 2 1 1 0 0
0 1 1 0 1 0 0 0 0 1 0 0
0 0 0 0 0 1 3 1 0 1 1 1
0 0 0 0 1 0 0 0 0 0 0 0
1 0 1 1 1 1 0 0 0 0 0 0
0 0 2 2 0 3 1 1 0 1 0 1
0 0 1 0 0 1 0 0 0 0 0 0
0 1 0 0 1 1 1 0 0 0 1 0
0 0 0 1 0 1 1 0 0 0 1 0
0 0 0 1 1 0 0 0 0 0 1 0
1 0 1 1 0 0 0 0 0 0 0 1
1 0 0 1 0 0 1 1 0 0 0 0
1 0 1 1 0 1 0 3 0 0 0 0
1 1 1 0 0 1 1 0 0 0 0 0
1 0 0 1 0 1 0 1 0 1 0 1
0 0 1 0 0 0 1 0 0 0 0 1
0 0 0 0 1 0 0 0 0 0 0 0
0 0 3 3 0 0 0 0 1 0 0 1
0 0 0 0 0 0 0 1 0 1 0 0
0 0 0 1 1 0 0 0 0 1 2 1
1 0 0 1 0 0 0 1 0 0 0 0
0 1 1 1 0 1 1 1 0 1 0 1
0 0 0 1 0 1 1 2 0 0 0 1
1 0 1 0 0 0 0 0 0 1 1 0
0 0 0 0 1 1 0 1 0 0 0 1
0 0 1 0 0 0 0 1 0 0 0 0
1 1 0 0 1 0 0 1 0 0 0 1
0 0 1 0 0 0 0 1 0 0 0 1
0 1 1 0 0 1 0 0 2 0 0 1
0 0 0 0 0 0 0 1 1 0 0 0
1 0 1 1 1 0 1 1 0 0 0 0
1 0 0 0 0 0 0 1 1 0 3 1
0 1 1 0 1 0 1 1 1 0 0 0
0 0 0 0 0 1 0 1 1 0 1 1
0 1 0 0 0 0 0 3 0 0 2 0
0 0 0 0 1 1 0 0 1 0 1 0
0 1 0 1 0 1 0 1 0 0 1 0
0 1 0 0 0 1 0 1 0 1 0 0
0 0 1 0 0 0 0 0 0 0 2 0
0 1 0 1 0 1 0 1 0 0 1 0
1 0 2 1 0 0 0 0 3 1 0 0
0 0 0 1 0 2 0 1 0 1 0 0
1 1 0 0 0 1 1 0 0 1 0 0
1 0 0 0 1 1 0 0 1 0 1 1
0 0 0 1 1 1 0 0 0 1 0 0
1 1 1 0 0 0 0 0 1 0 0 0
0 0 0 0 0 0 0 2 0 0 3 0
0 0 0 1 1 0 0 0 0 0 2 0
0 0 0 1 0 1 1 0 0 1 1 1
0 0 1 0 0 0 1 1 0 0 0 0
1 0 1 1 1 0 1 0 0 1 3 0
0 0 1 0 1 0 0 1 0 0 0 0
1 0 3 0 1 0 0 1 0 1 0 0
0 0 0 0 0 3 1 0 0 1 1 1
0 0 0 2 0 0 0 0 1 2 2 0
1 0 0 1 1 0 0 1 0 1 0 0
1 0 0 0 0 0 0 0 0 1 1 0
0 0 1 0 1 0 0 1 0 0 0 1
0 0 1 1 0 0 0 3 0 0 1 0
1 0 0 0 0 0 0 0 0 1 3 0
0 1 1 1 0 1 1 0 1 1 0 0
1 0 0 0 1 0 1 0 0 0 1 0
0 0 0 1 0 1 0 0 1 1 1 1
0 0 0 0 0 0 0 0 0 0 0 0
0 0 0 0 0 0 1 0 1 0 0 1
0 1 1 0 2 0 1 0 0 1 1 1
0 0 0 3 1 0 0 0 0 3 3 0
0 1 0 0 1 0 0 0 0 1 0 0
0 0 0 0 1 0 1 1 0 1 1 0
0 1 1 0 0 0 1 0 1 1 0 0
0 1 1 0 0 0 0 1 0 0 1 1
1 1 0 1 0 0 0 0 1 1 0 1
0 0 0 0 0 0 1 0 0 0 1 0
2 0 1 0 0 0 0 1 0 0 0 0
0 0 1 1 1 0 1 1 1 0 1 0
0 1 1 0 0 1 0 0 0 0 0 1
2 0 0 1 0 0 0 0 0 0 0 0
1 1 0 0 3 1 0 0 1 0 0 1
1 0 0 0 0 1 0 0 0 0 1 0
0 0 1 0 0 0 0 0 1 1 1 0
0 0 1 0 0 0 0 0 0 0 0 1
1 1 0 2 0 0 2 1 0 0 0 1
1 1 0 0 0 1 0 0 0 1 0 0
0 0 0 0 0 1 0 0 0 0 0 0
0 0 0 1 0 1 0 0 0 1 0 1
3 1 1 1 0 0 0 0 0 0 1 1
0 0 1 1 0 1 0 0 0 0 0 0
0 1 0 0 1 0 0 0 0 0 0 0
3 1 2 0 1 0 0 0 0 1 0 1
1 1 0 1 0 1 0 0 0 1 1 0
1 0 0 1 0 0 0 0 0 0 0 0
0 1 0 0 0 1 1 0 1 1 1 1
0 1 1 0 0 1 1 1 0 0 0 0
2 1 0 3 0 1 3 0 0 1 0 0
0 1 2 0 0 0 0 0 1 1 0 0
0 0 1 1 0 0 0 0 1 1 1 1
0 0 0 1 0 0 1 0 0 0 0 0
0 1 0 0 0 0 0 1 0 0 0 0
0 0 0 0 1 1 0 0 1 0 0 0
0 0 0 0 0 1 0 0 0 1 1 0
0 0 3 0 1 1 1 0 0 0 0 0
0 0 0 1 2 0 0 0 0 1 1 1
1 0 0 0 1 1 0 0 1 0 1 0
0 0 1 1 1 0 0 0 1 1 0 0
1 0 0 1 0 0 0 1 0 1 1 0
3 0 1 0 1 1 0 0 0 0 2 0
2 1 3 1 0 0 1 0 0 1 0 0
2 0 1 0 0 1 0 1 0 0 0 0
1 0 1 1 1 1 0 0 0 1 0 0
0 1 0 0 1 0 0 0 1 0 1 1
0 1 0 0 1 0 1 1 0 1 0 1
0 0 0 0 0 0 0 0 0 0 1 0
1 1 1 1 0 0 1 0 0 0 2 0
1 0 0 0 3 1 0 0 0 0 0 1
0 1 0 0 0 0 2 0 1 0 0 1
0 0 0 0 0 0 1 1 0 0 0 0
0 0 1 0 0 0 1 1 0 0 1 1
1 0 0 0 0 0 0 0 1 0 3 0
3 0 1 0 0 1 0 1 0 0 0 2
3 1 0 1 0 0 1 0 1 0 1 1
0 1 0 0 0 0 1 1 0 0 0 1
0 1 0 0 1 0 0 0 0 0 1 0
0 1 0 0 0 0 1 0 1 1 0 0
1 0 0 0 0 1 0 1 0 0 1 0
0 0 0 0 1 1 1 0 1 0 3 0
0 1 1 1 1 0 1 1 0 1 0 0
0 0 0 0 0 1 3 1 0 0 0 0
1 1 0 0 1 0 0 0 2 1 0 0
0 1 0 1 1 0 1 0 0 0 0 0
0 0 0 2 0 0 1 0 0 0 0 0
0 1 0 0 0 0 0 0 1 1 0 3
0 0 1 0 1 0 1 0 0 0 1 0
0 0 0 0 0 0 0 1 0 0 0 0
1 0 1 1 0 0 0 0 0 1 0 0
0 0 1 0 1 0 0 0 0 0 0 1
0 1 1 1 1 0 0 1 0 0 0 1
0 0 0 0 2 0 1 0 1 0 0 1
0 0 0 1 0 1 0 1 1 0 0 1
0 0 0 1 0 1 1 0 0 0 1 0
1 0 0 0 0 1 0 0 3 0 0 0
0 1 0 1 1 0 0 0 1 0 0 1
0 1 0 3 1 0 0 0 1 0 1 1
1 0 0 0 1 0 1 1 1 0 0 0
