50 20
20 11 12 13 20 11 3 4 8 12 2 12 9 15 7 15 9 2 18 7 11 2 16 15 19 5 11 20 7 12 4 9 19 3 3 12 6 2 18 10 3 2 19 7 1 2 9 15 19 16
2 17
1 1 0 0 0 0 0 1 0 1 0 0 1 1 0 0 1 0 1 0
1 0 1 1 0 0 0 0 1 0 0 1 0 0 1 0 0 0 0 0
0 0 0 0 0 1 0 1 0 0 0 0 1 1 0 0 1 0 1 1
0 0 0 0 0 0 0 1 0 0 0 0 1 0 0 0 0 0 0 0
0 1 0 1 1 0 0 0 0 0 0 0 0 0 1 0 1 0 1 0
1 1 0 0 1 0 0 0 1 0 0 0 1 1 0 1 1 1 0 0
0 0 0 0 1 1 1 1 1 0 0 0 1 0 0 0 0 1 0 0
0 0 0 1 0 0 0 0 0 0 1 1 0 0 1 1 0 0 1 0
0 1 1 0 0 0 0 1 1 1 0 1 0 0 1 0 1 1 0 1
0 0 0 1 0 1 0 0 0 1 1 0 0 0 0 1 0 0 0 1
0 0 0 0 0 0 0 1 0 0 0 0 1 0 0 0 0 1 1 1
0 1 0 0 0 0 0 1 0 1 1 0 0 1 0 0 1 1 0 0
0 0 0 0 1 0 1 0 1 0 1 0 0 0 0 0 0 0 1 0
0 0 1 0 0 0 0 0 1 0 0 0 0 1 1 1 0 1 0 1
0 1 0 0 0 0 1 1 1 0 0 1 1 0 0 0 0 0 0 1
0 1 0 0 0 1 1 0 1 1 0 0 0 0 0 0 0 0 1 0
1 0 1 1 1 0 0 0 0 1 0 0 0 0 0 0 0 2 0 0
1 0 0 0 1 1 1 0 1 0 1 1 1 0 0 0 0 1 0 0
0 1 0 1 0 0 0 0 0 1 1 1 1 0 0 0 1 0 1 0
1 0 0 0 0 1 0 1 0 1 0 0 1 0 0 1 0 0 0 0
0 0 0 0 1 0 1 0 1 0 0 0 0 0 0 0 0 1 0 0
0 0 0 0 0 1 0 1 0 0 0 1 0 0 0 0 1 1 0 0
0 0 0 0 0 0 0 1 0 0 1 0 0 1 0 1 0 1 0 1
1 1 1 0 0 0 0 0 0 1 0 1 1 0 0 0 1 1 1 1
1 0 0 1 1 0 0 1 1 1 0 0 0 0 1 0 0 0 1 0
1 1 0 1 0 0 1 0 1 1 1 0 0 0 0 0 0 1 1 1
0 1 0 0 1 0 0 0 0 0 1 1 0 0 0 1 0 0 0 0
0 0 1 0 2 1 0 0 1 0 0 1 0 1 1 0 0 0 1 0
0 0 1 0 0 0 0 1 0 0 0 0 1 0 1 0 0 0 1 0
1 1 1 0 0 0 1 0 0 1 0 0 1 1 0 0 0 0 0 1
0 1 1 0 0 0 0 0 1 0 1 0 1 0 0 1 1 0 1 0
0 0 0 0 1 1 0 0 0 1 0 0 0 1 0 0 0 1 1 0
0 0 0 1 0 0 1 0 0 0 0 1 0 0 0 1 1 0 1 0
0 0 1 0 0 0 1 1 1 0 0 0 0 0 1 1 1 1 0 0
1 0 0 0 0 1 0 0 1 1 0 1 1 1 0 1 0 0 0 0
0 1 0 1 1 0 0 1 0 0 0 1 1 0 0 0 0 0 0 0
0 0 1 0 0 0 0 1 0 0 0 1 1 1 0 0 0 3 0 0
0 0 0 0 1 0 0 0 1 1 0 0 0 0 0 0 1 0 1 0
1 1 1 0 0 1 1 0 1 0 0 0 0 0 0 0 0 0 0 1
0 0 1 0 0 0 0 1 0 1 0 0 0 0 0 0 1 1 0 0
0 0 0 1 0 1 1 1 0 1 1 1 1 1 0 1 0 1 0 0
0 0 0 0 0 1 0 0 0 0 0 1 1 1 0 0 0 1 2 0
1 1 1 0 0 1 0 1 0 0 0 0 0 1 1 0 1 1 0 0
0 0 1 1 0 0 0 1 0 0 1 0 1 0 0 0 0 0 1 0
0 0 0 0 1 0 0 0 0 0 1 0 0 0 1 1 0 0 0 0
0 0 0 1 0 0 0 1 1 0 1 0 0 0 0 0 0 0 0 0
0 0 0 1 0 1 0 0 1 1 0 0 0 0 1 1 0 0 1 1
0 0 1 1 3 1 0 0 1 0 1 0 1 1 0 0 0 0 0 0
0 0 0 0 0 1 0 0 0 0 1 0 0 0 1 1 0 1 0 1
1 0 1 0 0 0 0 0 1 0 1 0 1 0 0 0 1 0 0 0
1 0 0 0 0 1 0 0 0 0 1 0 0 0 1 0 1 1 0 0
0 0 0 0 0 0 0 0 1 1 0 1 0 0 1 0 1 1 0 0
0 1 0 2 0 0 0 1 0 1 0 0 0 0 0 0 1 0 0 1
0 0 1 0 0 0 1 2 1 0 0 1 0 1 0 1 1 0 0 1
0 0 0 0 0 0 0 1 0 0 0 0 1 1 0 0 1 0 0 2
1 1 0 0 0 1 1 0 0 1 1 1 1 0 0 0 0 1 0 1
1 0 0 1 0 1 1 1 0 0 0 0 0 1 0 1 0 1 0 0
0 0 0 0 0 0 0 0 1 1 0 1 0 0 0 1 0 0 0 0
0 0 1 0 0 0 0 0 1 0 0 0 0 0 0 0 1 0 0 0
0 1 1 1 0 0 0 0 0 1 1 0 1 0 0 0 1 1 1 0
0 0 0 0 1 0 1 0 0 0 0 1 0 0 0 0 0 0 0 0
0 0 0 0 0 0 1 0 1 0 0 1 0 1 0 0 1 1 3 0
0 1 0 1 0 0 1 0 1 0 0 1 0 1 0 0 2 1 0 0
0 0 0 1 0 1 0 0 0 0 0 0 0 0 0 1 0 0 1 0
0 0 0 0 1 0 1 0 0 0 1 0 0 0 1 1 0 0 0 1
0 0 1 0 1 1 0 1 0 0 0 1 0 1 1 0 1 0 0 0
0 0 0 1 0 0 0 0 0 1 1 1 0 0 0 1 1 0 0 1
0 0 0 0 1 0 1 0 1 0 0 0 0 1 0 0 0 1 0 0
0 0 0 0 0 1 1 1 0 0 0 1 1 0 0 1 0 0 1 0
0 0 0 0 1 0 0 1 1 0 1 0 0 1 0 0 1 1 0 0
1 1 0 1 0 1 1 1 0 0 0 0 0 0 1 1 0 0 1 1
1 0 0 1 0 0 1 0 0 0 0 1 1 0 1 1 0 1 0 1
1 1 1 3 0 1 1 1 0 0 1 0 0 0 0 1 1 1 0 0
0 0 1 0 0 0 0 3 0 1 1 1 1 0 0 1 0 0 1 0
0 0 0 0 0 0 1 0 0 0 1 0 1 1 0 0 1 0 1 3
0 0 1 0 0 1 1 1 1 0 0 1 0 0 0 0 1 0 1 0
0 0 0 0 0 1 0 0 0 0 0 0 1 0 1 0 1 0 0 0
0 0 1 0 1 0 0 0 1 0 0 0 1 0 0 0 0 1 0 0
1 1 1 0 0 1 0 0 1 0 0 0 0 0 0 0 0 1 1 1
0 0 0 0 0 1 0 1 0 1 0 0 0 0 0 0 0 0 1 1
0 0 0 1 1 0 0 0 0 0 0 0 1 1 1 0 1 0 0 0
1 0 1 1 0 0 1 0 0 0 0 0 0 0 0 1 1 0 0 0
1 0 1 1 0 1 0 0 0 1 0 1 1 0 0 0 3 0 1 0
0 0 0 0 0 1 0 0 1 0 1 1 0 1 0 0 2 0 0 0
1 0 0 0 1 0 1 0 0 0 0 0 1 1 1 1 0 0 1 0
0 0 0 1 0 0 0 1 0 1 1 0 0 0 0 0 0 0 0 0
0 1 0 1 0 0 0 1 1 1 1 0 0 0 0 0 1 0 0 0
0 0 0 0 0 0 1 0 1 0 0 1 1 0 0 0 0 1 1 0
0 0 0 1 0 0 0 0 1 0 0 0 0 0 1 0 0 0 0 0
0 1 0 0 1 0 0 0 1 0 0 1 1 0 0 1 1 1 1 0
0 1 0 1 1 1 1 0 0 0 1 0 0 0 1 0 0 1 1 0
1 0 1 0 1 0 0 0 0 0 0 0 0 1 0 1 0 0 0 0
1 1 0 1 0 1 1 0 1 1 1 0 2 0 1 1 1 0 1 1
0 0 0 0 0 1 1 1 0 1 0 1 0 0 1 1 0 0 1 1
2 0 0 0 0 0 0 0 1 1 0 1 1 0 1 0 0 0 0 0
0 0 0 1 0 0 1 1 0 0 0 2 0 1 0 0 0 0 0 0
0 1 1 0 1 1 0 0 1 0 0 0 0 0 1 0 1 0 0 0
0 0 0 0 0 0 0 0 1 1 0 0 0 0 1 0 1 1 0 1
0 1 0 1 0 0 1 1 0 0 0 0 0 0 0 0 0 1 0 0
0 0 0 0 1 0 0 0 0 0 1 0 0 0 1 0 1 0 0 0
0 1 0 0 0 1 1 0 0 0 0 0 0 0 0 0 1 1 1 0
1 0 0 0 0 0 0 0 1 0 0 0 0 1 0 1 1 0 1 1
1 0 1 0 0 0 1 1 1 1 0 0 1 0 0 1 1 1 0 1
2 1 0 0 0 0 0 0 1 0 0 1 0 0 0 0 3 0 1 0
0 1 1 0 0 1 1 1 0 0 1 0 0 0 1 1 0 1 1 0
0 0 1 0 0 0 0 0 0 0 1 1 0 0 1 0 0 2 0 1
0 0 1 1 0 1 1 0 0 1 1 0 0 0 0 0 0 0 1 1
0 0 0 0 1 0 0 0 1 1 1 0 0 0 1 0 0 1 0 1
0 0 0 1 0 0 1 0 1 0 0 0 0 1 0 0 0 0 0 1
1 0 0 0 0 0 0 0 0 0 0 0 0 1 1 0 0 0 0 0
0 0 1 1 0 0 1 1 0 1 1 0 1 1 0 1 0 0 0 0
0 1 1 0 1 0 0 0 0 1 1 1 0 0 1 0 0 0 0 0
0 1 0 0 1 0 0 0 1 1 0 1 3 0 1 0 0 0 0 1
0 0 0 0 0 0 1 1 1 0 0 0 0 0 1 0 0 0 1 0
3 0 0 1 0 0 0 0 0 0 0 0 0 0 1 0 1 1 0 1
0 1 0 0 0 0 0 1 0 0 0 3 0 0 0 1 0 0 0 1
0 0 0 1 0 0 1 0 0 0 0 1 1 0 0 1 0 0 1 1
0 0 0 0 1 0 0 0 0 0 1 0 1 1 0 1 1 0 1 0
0 0 1 1 0 0 0 0 0 0 1 0 1 1 0 1 1 0 1 0
0 0 0 0 0 0 0 1 0 1 1 0 0 1 0 0 1 0 1 0
0 0 0 0 0 0 0 1 1 0 1 0 0 0 1 0 0 1 0 1
1 0 0 1 0 0 1 1 1 1 0 0 0 1 0 1 0 0 1 0
0 0 1 0 0 0 0 1 0 0 1 0 0 1 1 0 1 1 0 0
3 1 0 1 1 0 1 0 0 0 0 0 1 1 0 0 0 1 0 0
0 0 0 1 0 0 0 1 0 0 0 1 1 1 0 0 0 1 1 1
0 0 0 0 0 0 1 1 0 0 1 0 0 0 0 1 0 3 0 0
1 0 1 0 0 0 1 1 0 0 0 0 0 1 0 0 0 0 0 1
0 1 0 0 1 0 1 1 1 1 0 1 1 1 0 1 1 1 0 0
0 1 0 0 0 0 0 1 0 0 0 0 0 1 2 1 1 0 0 0
1 0 0 0 1 1 0 0 0 0 1 0 0 0 0 0 0 1 0 1
0 1 0 0 0 0 0 1 1 0 0 0 1 0 1 0 1 1 0 0
1 0 1 0 0 1 0 0 0 1 0 1 1 1 1 1 0 0 0 0
1 1 1 0 1 0 0 0 0 1 0 1 0 0 0 1 0 0 1 0
0 1 0 0 0 0 0 0 0 1 1 0 0 1 0 0 0 0 1 0
0 0 1 0 0 0 0 0 0 1 1 1 0 0 1 0 0 0 1 0
0 1 0 1 0 1 0 1 1 0 1 0 0 0 1 1 0 0 0 0
0 0 0 0 0 0 0 0 0 0 0 1 0 0 1 0 0 1 0 0
0 1 1 0 0 1 0 1 1 0 0 0 0 1 0 1 1 1 0 0
1 0 0 0 0 0 0 0 0 0 0 0 0 1 0 0 1 0 0 0
0 0 1 0 0 1 0 0 0 0 0 0 0 0 0 1 1 0 0 0
1 0 1 0 0 0 1 0 1 1 1 0 1 1 0 0 0 0 1 0
1 0 1 1 0 0 1 0 0 0 0 1 0 1 0 1 1 0 0 0
0 0 1 1 1 1 0 0 0 0 0 0 0 0 0 0 0 0 0 0
1 0 1 0 0 1 1 1 0 0 0 1 0 0 0 1 1 0 0 1
1 0 1 0 1 1 0 0 1 1 0 0 0 1 0 0 0 0 0 0
1 0 0 1 0 0 0 1 0 1 0 0 0 0 0 1 0 1 0 1
0 1 0 1 1 0 0 0 0 0 1 0 0 1 1 0 1 0 0 1
0 0 0 1 0 0 0 0 0 1 0 0 1 1 0 0 0 1 0 0
0 0 0 1 1 0 1 0 0 1 0 0 0 0 3 0 1 0 0 1
0 0 1 1 0 1 0 0 1 1 1 0 0 0 0 0 1 0 0 1
0 1 0 0 0 1 1 0 0 0 0 1 0 0 1 1 0 0 0 0
1 0 0 0 0 1 0 1 1 0 0 0 0 0 0 1 0 1 0 0
1 0 1 1 0 1 0 1 1 1 0 1 0 0 0 0 0 0 0 1
0 0 0 0 0 0 1 0 0 0 1 0 0 0 1 0 0 0 0 0
1 1 0 0 1 0 0 0 1 0 1 0 0 1 0 1 1 0 0 0
0 0 0 0 0 1 0 1 1 0 0 0 1 0 0 0 1 0 0 0
1 0 1 0 1 1 0 1 0 0 0 0 0 1 0 1 1 0 1 1
0 0 0 0 0 1 0 0 1 0 1 0 0 0 2 0 1 0 0 0
1 1 0 0 0 1 1 0 0 0 0 0 0 0 0 0 0 0 0 1
1 0 1 0 0 0 0 0 0 2 0 0 1 0 0 0 1 0 0 0
1 0 0 0 1 1 0 0 1 0 0 0 0 0 0 0 0 0 0 1
0 1 0 0 0 0 0 1 1 0 1 0 0 1 0 0 0 0 0 0
0 0 1 0 1 1 0 0 0 0 0 0 0 0 0 1 0 0 1 1
0 1 0 1 1 0 0 0 0 1 0 0 0 0 0 1 1 0 0 0
1 1 0 0 1 0 0 0 1 1 1 0 1 1 2 1 1 0 0 1
0 0 1 0 0 0 1 1 1 0 0 0 0 0 0 0 0 0 1 0
0 0 0 0 0 0 0 0 0 0 1 1 0 0 1 0 0 1 1 1
0 2 0 1 1 0 1 1 0 1 0 0 1 0 0 0 1 2 0 0
0 0 1 1 0 0 0 0 0 0 1 1 1 0 0 0 1 0 1 0
0 0 0 0 1 0 0 1 0 1 0 1 0 0 0 0 1 1 0 0
0 1 0 0 1 0 0 1 0 0 1 0 0 0 0 0 1 1 0 0
1 1 1 0 0 1 0 0 1 1 0 0 1 0 0 0 1 1 0 0
0 1 0 1 0 0 0 0 1 0 1 0 0 0 0 1 1 0 0 1
0 1 0 0 0 0 1 0 0 1 0 0 0 0 1 0 0 0 0 0
0 0 1 0 1 0 0 1 0 0 0 0 1 1 0 1 1 0 0 1
1 1 0 0 0 0 0 1 0 0 1 1 0 0 0 0 1 0 0 0
1 0 1 0 0 1 1 0 0 1 1 0 0 1 0 0 0 0 0 1
1 2 0 0 0 0 0 0 1 0 1 0 0 0 3 0 0 0 0 0
0 1 0 0 0 0 0 1 1 1 1 0 0 1 0 1 0 0 0 0
0 1 0 1 0 1 1 0 1 3 1 0 0 1 0 0 0 0 0 0
0 1 1 0 0 1 1 0 0 0 1 0 0 1 0 0 0 0 1 1
0 0 0 1 0 0 0 0 0 0 1 0 0 1 0 0 1 0 0 0
1 1 0 1 0 0 0 0 1 0 0 1 1 1 0 0 0 0 0 1
1 0 0 1 1 0 0 0 0 0 0 0 0 0 1 0 0 0 0 1
0 0 1 0 0 1 1 0 0 0 1 1 1 0 3 0 0 0 0 0
1 0 0 0 1 0 0 1 0 1 0 0 0 0 0 0 0 0 0 0
1 0 0 0 0 0 0 0 1 0 1 1 0 1 0 1 0 0 1 0
0 3 0 0 0 0 0 0 0 0 0 1 1 0 1 0 1 3 0 1
1 1 0 1 0 0 0 0 0 0 0 0 0 0 1 0 0 0 1 0
0 0 0 0 0 0 0 0 0 0 1 1 1 1 0 1 0 1 0 1
1 0 0 1 2 1 0 0 1 0 0 1 0 1 0 0 1 1 0 0
1 0 1 1 1 1 1 1 0 1 0 1 1 0 0 1 0 0 0 0
1 1 0 0 0 1 0 0 0 1 0 0 1 0 1 0 1 0 0 0
0 0 0 1 0 0 0 0 1 1 0 0 0 0 0 0 0 0 0 1
1 1 0 0 0 0 0 1 1 0 1 0 0 1 0 1 1 1 0 1
0 1 0 1 0 0 0 0 0 1 0 0 1 0 0 0 0 0 0 2
1 1 0 1 0 0 1 0 1 0 0 1 1 0 1 1 0 1 0 0
0 3 1 0 0 0 1 0 0 1 0 1 1 0 0 0 1 2 1 1
0 0 1 1 0 1 1 0 0 0 0 1 0 0 0 1 0 0 0 0
0 2 0 0 0 0 0 0 1 0 0 0 0 0 0 0 0 0 1 0
0 1 0 0 0 0 0 1 0 1 0 1 0 0 0 1 0 1 0 0
0 1 0 0 0 0 1 1 0 0 0 0 1 0 0 0 0 0 0 1
0 1 1 0 0 0 0 1 1 1 0 0 0 0 1 0 0 1 0 0
1 0 1 1 1 0 1 0 1 1 0 0 0 1 1 1 0 1 1 0
0 0 1 0 0 0 1 0 1 0 0 0 0 0 0 0 1 0 0 1
0 0 0 1 1 0 0 0 1 1 0 0 0 0 0 0 0 0 1 1
1 0 0 1 0 0 0 1 0 1 1 1 0 0 0 0 0 0 0 0
1 0 1 0 1 1 0 1 1 0 1 0 0 0 0 0 1 0 0 0
1 0 1 1 0 1 1 0 0 1 0 0 0 1 0 0 0 1 1 0
0 0 1 0 0 1 0 2 0 0 0 0 0 0 0 1 0 0 0 0
0 0 0 0 3 0 0 0 0 0 0 0 0 0 0 1 0 0 0 0
0 0 0 0 0 1 0 0 1 0 0 0 1 1 1 1 1 0 0 1
0 0 1 0 0 0 0 0 1 0 0 1 0 0 0 0 0 1 0 1
0 0 1 0 0 1 1 1 1 0 0 0 2 1 0 0 1 1 0 1
0 0 0 0 1 1 1 0 0 1 1 0 0 0 0 0 1 0 1 0
0 1 1 0 0 1 0 0 0 1 0 0 0 0 0 1 1 1 0 3
0 0 0 0 1 0 0 0 1 0 0 0 0 1 0 0 1 0 1 0
1 1 0 1 0 0 0 1 1 0 0 0 1 0 0 1 0 3 0 0
0 1 1 1 1 0 0 0 0 0 1 0 0 0 0 0 0 0 1 0
0 3 0 1 0 2 1 1 1 1 1 0 1 0 0 0 0 0 0 1
0 1 1 0 1 1 0 0 0 1 0 0 0 0 0 1 1 0 0 0
1 1 1 0 1 0 0 0 0 1 0 1 0 0 0 0 0 0 1 1
0 0 0 1 0 1 0 1 1 0 0 1 0 1 0 1 0 0 0 0
0 0 0 0 0 0 0 0 0 1 0 0 0 0 0 1 0 0 0 0
0 1 0 0 0 1 0 0 0 0 0 0 0 0 0 0 0 0 1 0
0 0 0 0 2 1 1 1 0 0 1 0 0 1 1 0 1 1 0 0
0 0 0 1 0 0 1 0 1 0 1 1 0 0 0 1 0 1 0 0
0 0 1 1 0 0 0 1 1 0 1 1 1 0 0 0 0 0 0 0
0 0 0 1 1 1 0 0 1 2 1 0 0 1 1 0 0 1 1 0
1 0 0 1 0 0 1 3 0 0 1 1 0 0 1 1 0 0 0 0
0 1 1 0 1 0 0 0 1 0 0 2 0 1 0 1 0 1 1 1
1 0 1 1 1 1 1 1 0 0 0 0 0 0 1 1 0 1 1 1
0 1 1 0 0 1 1 0 0 0 1 0 1 1 0 1 0 0 0 0
1 0 1 1 0 0 0 0 0 0 0 1 3 1 0 1 0 0 0 1
0 1 0 0 1 0 1 1 0 0 0 0 1 1 0 0 0 0 0 0
0 0 2 0 0 1 0 0 0 0 0 1 0 0 0 0 0 0 0 0
1 0 0 0 1 1 1 0 0 0 0 1 0 1 0 0 0 1 1 1
1 1 0 0 0 0 0 1 0 0 1 0 0 0 0 0 1 0 0 0
0 0 0 0 0 1 0 1 0 0 0 0 0 0 0 1 0 0 0 1
0 0 0 0 0 3 0 0 0 0 0 1 0 0 0 0 0 0 0 1
1 1 0 1 0 0 1 1 0 0 1 0 0 0 0 0 0 0 1 1
0 0 0 0 0 0 0 0 1 0 0 0 1 0 0 1 0 1 0 1
1 1 1 0 0 0 2 0 0 1 1 0 0 0 1 1 0 0 0 1
0 1 0 1 0 0 1 1 0 0 1 0 0 0 0 1 0 1 0 0
0 0 0 0 0 0 0 1 1 0 0 0 0 0 1 1 0 0 0 0
1 0 1 0 3 0 0 1 1 1 0 0 0 0 1 0 0 0 0 0
0 0 1 0 0 0 0 0 1 1 1 0 1 0 1 0 0 0 0 0
0 0 0 1 1 0 1 1 1 0 0 0 1 0 1 0 0 0 0 1
0 1 0 0 1 0 0 0 1 3 0 1 1 0 0 1 0 1 0 0
1 0 1 1 0 0 0 1 0 0 1 0 0 0 1 0 1 0 0 0
0 1 0 0 1 1 0 1 0 0 0 3 0 0 0 0 1 0 0 0
0 0 0 0 0 0 1 0 1 0 0 0 0 0 0 1 0 0 0 0
0 2 1 1 0 0 0 1 0 1 0 1 1 0 0 2 0 0 0 0
1 0 0 0 0 0 0 0 0 0 0 0 1 0 0 0 0 0 1 0
1 0 1 1 1 0 0 1 0 0 1 0 0 0 0 1 0 1 0 1
1 0 3 0 1 1 1 0 0 0 1 0 1 1 0 1 1 1 0 0
0 0 0 0 0 1 0 1 0 0 1 1 1 1 0 0 0 0 1 1
0 0 0 0 0 0 1 1 0 0 0 0 0 0 0 1 1 0 1 0
1 0 0 0 0 0 0 0 1 1 0 1 0 0 1 1 0 1 0 0
1 1 1 1 0 0 0 1 0 0 0 0 0 1 0 0 1 0 0 1
1 1 0 0 1 0 0 0 0 1 0 0 0 0 1 0 0 0 1 0
0 0 0 0 0 0 0 0 0 0 1 0 0 0 2 0 0 1 0 0
1 0 0 1 1 1 3 0 0 1 1 0 0 1 0 1 0 1 0 0
1 1 0 0 0 0 0 1 1 1 1 1 0 0 1 1 0 0 1 0
0 0 0 0 0 0 0 1 0 0 0 1 0 1 0 0 0 0 1 1
1 0 0 0 0 0 1 1 1 0 0 1 0 0 0 0 0 0 0 0
0 1 0 0 0 0 0 1 1 1 0 0 0 1 1 0 1 0 0 0
1 0 1 0 0 1 0 0 0 0 0 0 0 0 0 0 0 0 0 0
0 1 0 0 0 1 0 1 0 1 0 0 1 0 0 0 1 0 1 1
0 0 0 1 1 0 0 0 0 0 0 0 1 1 1 0 0 1 0 1
0 0 0 0 1 0 1 0 1 0 0 0 1 1 1 1 1 1 0 0
1 1 0 0 0 1 0 0 1 0 0 0 0 1 0 1 1 0 0 0
0 3 1 1 1 0 0 0 0 0 0 0 0 1 0 3 0 0 1 0
1 0 0 0 0 0 0 0 1 1 0 0 0 1 0 0 1 0 1 0
1 0 1 1 0 1 0 0 1 0 1 0 0 0 0 1 0 1 1 1
0 1 0 0 0 1 0 1 1 1 0 1 1 1 1 1 0 0 0 0
0 0 0 0 0 0 0 1 1 0 0 1 1 0 1 0 0 0 0 0
0 1 0 0 1 1 1 0 1 1 1 0 0 0 0 0 0 0 0 0
1 0 0 0 0 0 0 0 0 0 0 1 0 0 0 0 0 1 0 1
0 0 0 0 0 1 0 1 0 0 0 1 1 0 0 0 1 0 1 1
1 0 1 0 0 0 0 1 1 0 0 0 1 0 1 0 0 0 1 0
0 0 0 0 0 1 0 0 0 0 0 1 1 0 3 1 0 0 0 0
0 0 0 0 0 0 1 0 0 0 0 1 0 0 0 0 0 0 0 1
1 0 1 0 0 0 0 1 0 1 0 0 0 0 1 0 0 0 0 1
1 0 1 0 0 0 0 0 0 0 1 0 0 1 0 0 0 0 0 0
1 0 1 0 0 0 0 1 1 1 1 1 1 1 0 0 0 0 1 1
1 0 1 1 1 0 1 0 0 1 1 0 0 1 1 1 0 1 1 0
0 0 0 0 0 0 1 0 1 0 1 0 0 1 1 0 0 0 2 0
1 1 0 1 0 0 0 1 1 0 0 0 1 1 0 0 0 0 0 0
1 1 1 1 1 0 0 0 0 0 0 0 1 1 1 0 0 0 0 0
0 0 0 1 1 1 0 0 0 1 1 1 0 1 0 0 0 0 1 2
1 1 2 0 0 0 0 0 0 1 0 0 0 0 0 0 0 1 0 1
0 0 0 0 0 0 0 0 1 0 1 1 0 0 1 1 1 0 0 0
0 0 0 0 0 0 0 0 0 0 0 1 1 1 1 0 1 0 0 0
0 1 0 0 0 1 1 0 0 0 1 1 0 1 0 0 1 0 0 1
0 0 0 0 0 1 0 1 0 1 0 1 0 0 0 0 0 0 1 0
0 0 1 1 0 1 1 0 1 1 0 1 1 0 0 0 0 0 0 0
1 0 0 0 0 0 1 0 0 0 0 1 0 0 1 1 1 0 0 0
0 0 1 1 0 0 0 1 1 0 0 0 0 1 0 0 0 0 0 0
0 0 0 1 0 0 0 0 0 1 1 0 0 1 1 1 0 0 1 0
0 0 0 1 0 0 0 0 1 0 0 0 0 1 0 0 1 1 1 0
0 0 2 1 0 0 0 0 0 0 0 1 1 0 1 0 0 0 0 0
0 1 0 0 0 1 1 1 1 0 0 1 0 1 0 0 0 0 0 0
0 0 0 0 0 1 0 0 0 0 0 0 0 0 1 1 1 0 1 0
0 1 0 0 0 0 0 0 0 0 0 1 1 2 0 1 0 0 0 0
1 0 2 0 1 1 0 0 1 0 0 0 1 1 1 1 0 0 1 1
0 1 0 1 0 0 0 1 0 0 0 0 0 0 0 0 0 0 0 0
0 0 1 0 1 0 0 0 0 0 1 0 0 0 0 0 0 0 3 0
1 0 0 0 0 0 1 0 0 0 1 1 1 0 0 0 1 0 0 1
0 1 0 0 0 1 0 0 1 1 0 0 1 0 0 0 0 0 1 0
0 0 0 1 0 0 0 0 0 0 0 1 1 0 0 1 0 1 1 3
0 1 3 0 0 0 1 1 1 1 1 0 0 0 0 1 1 0 0 0
0 0 0 0 0 0 1 1 0 0 0 0 1 1 0 0 0 1 0 1
0 0 0 0 1 0 0 1 1 1 1 1 0 1 1 0 1 0 1 0
1 1 0 0 1 0 0 0 0 1 0 1 0 1 0 1 0 0 0 0
0 0 1 0 0 1 0 1 0 0 0 0 1 0 1 0 1 0 0 0
1 1 1 0 0 0 0 0 1 1 0 0 0 0 1 0 1 1 0 0
0 1 0 2 1 1 1 1 0 1 0 0 0 0 0 0 0 0 1 1
0 0 1 1 0 0 0 0 0 1 1 1 1 1 0 0 0 0 1 0
1 1 0 0 0 1 0 1 1 0 0 0 0 0 0 1 0 0 0 1
0 1 0 1 0 1 0 0 0 0 1 0 0 0 0 0 1 1 0 0
1 1 3 0 0 0 1 1 0 0 0 0 0 1 0 1 0 0 1 1
1 0 1 0 0 0 0 1 0 0 0 1 0 1 0 0 1 1 1 0
0 1 0 0 0 0 1 2 0 0 0 1 0 0 0 0 0 0 1 0
0 0 0 1 0 0 1 1 0 1 1 0 1 3 0 1 0 0 0 0
0 0 3 1 1 1 1 0 1 0 0 0 1 0 0 0 0 0 1 0
0 0 1 0 1 0 0 0 1 0 0 0 0 1 0 1 1 0 0 1
0 1 0 0 0 1 0 0 1 0 0 1 0 1 0 1 0 0 1 1
1 1 0 1 0 0 0 0 1 1 0 0 0 1 0 1 1 0 1 0
1 0 1 0 0 0 1 0 0 0 0 1 0 0 0 1 0 0 0 0
0 0 0 0 0 1 0 0 0 1 1 0 0 1 0 1 0 1 0 1
0 0 1 0 1 0 1 0 0 1 1 0 0 1 0 0 0 0 1 1
0 1 0 1 0 0 0 0 0 1 0 0 1 0 1 0 1 0 0 1
0 0 0 1 0 1 1 0 0 1 1 0 1 0 0 1 0 1 0 0
0 0 1 1 0 0 1 1 0 0 0 1 0 0 0 0 0 0 1 0
1 0 0 1 0 0 0 0 0 1 1 0 0 0 0 0 1 0 0 1
0 0 1 1 0 0 1 0 0 0 0 1 0 0 0 0 1 0 0 0
0 1 1 3 0 0 0 0 0 0 0 0 0 0 0 1 0 0 0 1
0 1 1 1 1 0 0 0 0 0 0 0 1 0 0 0 1 0 1 0
0 0 1 0 0 0 0 0 0 0 0 1 0 1 1 0 0 0 1 0
0 1 0 1 0 0 0 0 1 0 0 0 0 0 0 0 0 1 1 0
0 1 1 0 0 1 0 0 0 0 0 1 1 0 0 0 0 0 0 1
1 0 0 0 0 0 1 0 0 0 0 0 0 1 0 1 0 0 1 0
0 0 0 0 0 0 1 3 0 0 0 0 1 0 0 1 0 0 1 0
0 1 0 1 0 1 0 1 0 0 0 0 0 0 1 0 0 1 0 0
1 1 1 0 1 0 0 1 0 0 1 0 0 1 0 0 1 0 0 1
0 0 1 0 0 0 0 0 1 0 1 0 0 0 1 0 0 1 0 0
1 0 0 1 0 1 0 0 0 0 1 1 1 1 0 0 0 1 1 0
1 1 0 1 0 0 0 0 1 0 1 0 0 0 0 0 0 1 1 0
1 0 0 1 0 1 1 0 0 0 1 0 0 1 0 0 1 1 1 1
2 0 0 0 0 0 1 0 0 0 0 1 1 1 0 0 0 0 0 0
0 0 0 1 0 0 0 1 0 0 0 0 0 0 1 1 1 1 1 0
0 0 0 0 1 0 0 0 0 1 1 0 0 1 0 0 0 0 1 0
0 0 1 1 0 0 0 1 1 0 1 0 1 1 0 0 0 0 1 0
1 0 0 1 1 0 0 0 0 1 0 0 1 1 0 1 2 1 0 0
0 0 1 0 1 1 1 1 0 0 0 0 0 0 1 0 0 0 0 0
0 0 0 0 0 0 0 0 0 0 2 0 1 1 0 0 1 0 1 1
0 0 0 0 0 1 0 0 1 0 0 0 0 0 0 0 0 1 0 0
1 1 0 1 0 1 1 0 1 0 0 1 0 0 1 0 0 0 0 0
1 0 0 1 0 1 1 0 1 1 0 0 1 1 1 0 2 0 0 0
0 1 1 1 0 0 0 1 1 0 0 0 0 1 1 1 1 1 0 0
0 0 0 0 0 0 0 1 1 0 1 0 0 0 1 0 1 1 0 0
1 1 1 1 0 0 1 1 0 0 0 0 1 0 0 0 0 1 0 1
0 0 0 0 0 1 0 1 0 0 0 0 1 0 0 1 1 1 1 1
1 0 0 0 0 0 0 0 0 0 1 0 0 0 0 1 0 0 1 0
0 0 1 2 0 0 0 0 1 1 1 0 0 0 0 0 0 0 0 0
0 0 0 1 0 1 0 1 1 0 0 2 0 1 0 0 0 0 0 0
1 0 1 0 1 1 0 1 1 0 0 0 1 1 0 1 1 0 0 0
0 1 0 0 0 0 0 0 1 0 0 1 0 0 0 1 0 0 0 1
0 0 0 0 0 0 0 0 0 0 1 2 1 0 0 0 1 1 1 0
3 1 0 0 0 0 0 1 1 0 0 0 0 1 0 0 1 0 0 0
1 0 1 0 0 1 1 0 1 0 0 0 0 0 0 0 0 0 1 1
0 0 1 1 0 1 0 1 0 0 1 0 0 0 0 0 1 1 0 0
0 0 0 0 1 0 0 0 1 1 1 0 0 1 0 0 0 0 1 1
1 0 0 0 0 1 1 0 0 0 0 0 1 1 0 0 3 0 0 1
0 1 0 0 0 1 0 0 0 0 1 0 0 0 1 0 0 0 0 0
0 0 0 0 0 0 0 1 0 1 3 1 1 0 0 0 1 0 1 1
0 0 0 1 1 0 1 1 0 0 0 0 1 1 1 1 0 0 1 0
0 0 0 1 1 0 0 0 1 0 0 0 0 0 1 0 1 0 1 1
1 1 0 0 0 0 0 1 0 0 1 1 0 0 0 0 3 0 0 0
0 1 0 0 0 0 0 0 0 1 0 0 0 0 0 1 0 1 0 1
0 0 0 1 0 0 0 1 0 1 0 0 0 0 1 1 0 0 0 1
0 0 0 0 0 0 1 0 0 1 0 1 0 0 0 0 1 0 1 1
0 0 0 0 1 0 0 0 0 0 0 1 0 1 0 0 0 0 0 0
1 1 0 0 1 0 0 1 0 1 0 1 1 1 1 0 1 0 0 0
1 0 1 3 0 0 0 0 0 1 1 1 0 1 0 1 0 0 1 1
1 1 1 1 0 0 1 1 0 0 0 3 1 0 1 0 0 0 0 0
0 1 0 1 0 1 0 0 0 0 1 0 0 1 0 0 0 0 1 0
0 1 0 0 0 1 0 0 0 0 0 0 0 0 1 0 1 0 1 0
0 1 1 0 0 0 0 0 0 1 1 3 0 0 0 0 1 1 0 1
0 0 0 0 0 0 0 0 1 0 1 2 0 0 1 0 1 1 0 0
0 0 0 1 0 1 0 0 1 0 1 0 0 0 0 1 1 0 1 1
0 1 0 0 0 0 0 0 0 0 0 1 1 0 0 0 0 0 1 1
1 1 1 1 0 1 0 1 0 1 0 1 0 0 1 1 0 0 0 0
1 0 0 0 1 0 1 0 0 1 0 1 1 0 1 0 1 0 1 0
0 0 0 0 0 0 0 0 1 0 1 0 1 0 0 0 1 0 0 1
0 1 0 0 1 0 1 0 0 0 1 0 1 1 0 0 0 0 0 0
0 0 1 0 0 0 0 1 0 0 0 0 0 1 1 0 0 0 1 0
0 1 1 0 0 1 0 0 1 0 0 0 0 0 0 0 0 0 0 0
1 1 0 0 1 1 1 0 1 0 0 1 1 0 0 1 0 0 0 2
0 0 1 1 0 0 0 0 1 1 1 1 0 0 0 0 0 0 0 0
0 1 1 0 1 0 0 1 0 0 0 1 1 0 0 0 0 0 1 0
0 1 1 1 0 1 1 1 0 1 0 0 0 0 0 1 1 1 0 1
1 0 1 1 0 0 1 0 1 0 1 1 1 1 1 0 0 0 0 0
0 0 0 0 0 1 1 0 0 1 0 0 1 0 0 0 0 0 1 0
0 0 0 1 0 0 0 0 0 0 0 0 1 1 0 0 1 0 1 0
1 0 1 0 1 1 1 1 0 0 0 1 0 0 0 0 0 0 0 1
0 1 0 0 0 0 0 0 0 1 0 0 0 1 0 1 1 1 1 0
0 0 0 0 0 1 1 0 0 0 0 0 1 0 0 1 0 0 1 1
0 1 0 1 0 0 0 0 1 0 0 0 1 0 0 0 0 0 0 0
1 1 0 0 0 0 0 1 0 0 0 3 0 1 0 0 1 1 0 0
0 0 0 1 1 0 1 0 0 1 0 1 1 1 1 0 0 0 0 0
1 0 1 2 0 0 0 0 0 1 1 0 0 1 0 1 0 1 0 0
0 0 1 0 1 0 1 2 1 0 0 0 0 0 0 0 0 0 0 1
1 0 0 1 0 0 0 1 0 0 0 0 0 1 0 0 0 0 0 0
1 1 1 0 1 0 1 0 0 1 0 1 1 0 1 1 1 0 1 1
0 0 0 1 0 1 0 0 0 0 0 0 1 1 0 0 1 0 0 0
0 0 0 0 0 1 0 0 0 0 0 0 0 1 0 0 0 1 0 0
0 0 1 0 0 1 0 0 0 0 0 0 1 0 0 0 0 0 2 0
0 0 1 0 0 0 0 1 0 1 1 1 0 0 1 0 1 0 0 3
0 1 1 1 1 0 1 0 0 0 1 1 0 1 0 0 1 0 0 0
0 0 0 0 1 0 0 0 0 1 0 1 0 0 0 0 0 1 0 0
0 1 0 0 0 0 1 0 1 1 1 0 1 0 0 1 0 0 1 0
0 1 1 1 0 0 0 0 0 1 0 1 0 0 0 1 0 1 0 1
0 1 0 1 0 0 0 0 0 1 1 1 1 0 1 0 0 0 0 0
0 0 0 0 0 1 0 0 0 1 1 1 0 1 2 0 1 1 0 0
1 0 1 0 0 1 1 0 0 1 0 0 0 0 1 0 1 1 0 0
1 0 1 0 0 0 1 1 1 0 1 0 1 0 0 0 0 0 1 0
0 1 0 0 0 1 0 1 0 1 1 0 0 0 0 1 0 0 1 1
1 0 0 0 1 0 0 1 0 0 1 0 0 0 0 0 1 0 0 0
0 0 0 0 1 1 0 1 0 0 0 1 0 1 0 1 0 0 0 0
0 0 0 1 0 1 0 0 0 0 0 0 0 1 0 0 1 1 1 0
0 0 0 3 0 0 0 0 1 0 0 0 0 1 0 0 1 0 0 0
1 1 1 1 1 0 1 3 0 1 0 1 0 0 0 0 0 0 1 0
0 0 1 0 1 0 0 0 0 0 1 1 1 0 0 0 0 0 1 0
0 0 0 0 0 1 1 1 1 0 0 1 1 1 0 0 0 0 1 0
0 0 0 0 0 0 0 1 0 0 1 0 0 1 1 0 0 1 1 0
0 1 0 0 1 0 1 0 1 1 0 0 0 0 0 0 0 0 0 0
0 0 0 1 1 0 1 0 0 0 1 0 0 0 0 1 0 0 3 0
0 0 0 0 0 0 0 0 1 1 1 1 0 0 1 0 1 0 0 0
0 0 1 1 0 1 0 1 1 1 0 0 0 0 1 1 0 0 0 0
0 0 0 0 0 0 1 1 0 0 0 1 0 1 1 0 1 0 0 0
0 0 0 0 1 0 1 0 1 0 1 0 0 0 0 0 0 1 0 0
0 1 0 0 0 0 1 0 0 0 0 1 0 1 0 1 0 1 0 0
0 0 0 0 0 0 0 1 0 0 0 0 0 0 0 0 0 0 0 0
0 0 0 0 1 1 1 0 0 0 0 1 1 1 3 0 0 1 0 0
0 0 0 0 0 0 1 1 0 0 0 1 1 0 0 1 0 1 0 0
1 0 0 0 0 1 0 1 1 0 1 1 1 0 1 1 0 0 1 0
1 1 0 0 1 0 0 0 0 1 0 0 0 0 1 0 0 0 0 0
0 1 0 1 1 0 1 0 0 0 1 0 0 0 0 1 0 1 1 0
1 1 0 0 1 1 1 0 0 0 0 1 1 1 0 0 0 0 0 1
0 0 2 1 1 1 1 1 1 1 0 0 0 0 0 0 1 0 0 1
1 0 0 0 0 0 1 1 0 0 0 0 1 0 0 0 1 1 1 0
1 1 0 0 0 0 0 0 1 0 0 1 0 1 0 0 0 0 0 0
0 0 0 1 0 0 0 1 1 1 0 1 0 1 0 1 0 1 0 0
0 1 1 0 0 1 0 1 0 0 0 1 0 0 0 0 0 1 1 1
1 0 0 0 0 0 0 0 0 0 0 0 1 2 1 1 0 1 0 0
1 0 0 0 0 0 1 0 1 1 1 1 0 0 1 1 0 0 0 0
0 0 0 0 0 0 0 1 0 0 0 1 1 0 0 0 0 0 1 0
0 0 0 1 0 0 0 1 0 0 1 0 0 1 0 0 0 1 1 0
0 1 0 0 0 1 1 1 0 0 1 0 0 0 0 1 0 0 1 0
0 1 0 0 0 0 1 1 0 0 0 1 0 1 1 0 0 0 0 0
0 0 1 1 1 0 0 1 0 0 1 0 1 0 0 0 0 0 0 1
0 0 1 0 0 1 0 0 0 0 0 0 0 1 1 0 1 0 0 1
0 0 1 0 0 0 0 1 1 1 1 0 0 1 0 0 1 0 1 0
0 1 0 1 1 1 0 0 0 1 0 1 1 1 1 0 0 0 0 0
1 0 1 1 0 0 0 1 0 0 1 1 0 0 1 1 0 0 0 1
0 0 0 1 0 0 1 0 0 1 0 0 1 1 0 1 0 0 0 1
1 0 0 1 1 0 1 1 0 0 1 1 1 0 0 0 1 0 0 1
0 0 1 0 0 0 1 1 0 0 0 1 1 0 0 0 1 0 0 0
0 0 0 0 0 0 0 1 1 0 0 0 0 0 1 1 0 0 0 1
0 0 3 0 0 0 1 0 0 0 1 1 1 0 1 0 2 0 1 1
0 1 0 0 0 1 1 1 0 0 1 0 0 0 0 1 0 0 0 1
1 0 1 1 1 1 0 1 0 1 0 1 0 1 0 0 1 0 0 0
0 0 0 0 0 1 1 0 0 0 0 0 1 0 0 0 0 0 0 1
0 0 0 0 0 0 0 0 0 1 1 0 0 1 0 0 0 0 0 0
0 0 1 0 1 0 0 0 0 0 1 0 1 3 0 1 0 1 1 1
0 0 1 1 0 0 0 0 0 0 0 1 0 1 1 0 1 1 0 0
0 1 0 1 0 1 0 0 0 0 0 0 0 1 0 0 0 0 0 0
0 0 0 0 0 0 1 0 0 1 0 0 0 0 0 0 0 0 0 0
0 1 1 0 1 1 1 0 1 0 1 0 1 1 0 0 0 1 1 0
0 1 0 0 0 0 0 1 0 0 0 0 0 0 0 0 0 0 1 0
1 0 0 0 1 0 0 1 1 0 1 0 0 0 1 0 0 0 1 1
1 0 0 1 0 0 0 0 0 0 0 0 0 0 0 0 1 0 0 0
1 0 0 1 1 1 0 0 1 1 0 1 1 0 1 0 0 1 0 0
0 1 0 0 0 1 0 0 0 1 0 0 0 0 0 0 1 0 0 0
1 1 0 0 0 0 0 1 0 0 0 0 0 0 0 0 0 1 0 1
1 0 0 0 0 1 0 1 1 1 0 1 1 1 1 1 0 0 1 0
1 0 1 1 1 0 0 0 1 1 0 1 1 0 0 0 0 1 0 0
1 1 0 0 1 0 1 0 0 1 0 1 0 0 0 1 0 0 0 0
0 0 0 0 1 1 0 0 0 1 0 0 0 1 0 0 0 0 1 1
1 0 0 1 0 0 1 0 1 1 0 0 0 0 1 0 3 0 0 0
0 2 0 0 1 0 0 0 0 1 0 0 0 0 0 0 1 1 0 1
0 1 1 0 0 0 0 1 0 0 0 0 0 0 1 1 0 0 1 0
0 1 1 1 0 1 1 1 0 0 0 0 1 0 1 0 0 0 0 0
0 0 0 0 0 1 0 0 0 1 0 0 1 0 0 0 1 1 0 1
1 1 0 0 0 0 2 1 0 0 1 0 1 0 0 0 0 0 1 0
1 0 1 0 0 0 1 0 0 1 0 1 0 1 1 0 1 0 1 0
0 0 1 1 0 0 0 1 0 0 0 0 0 0 0 0 0 0 0 0
0 0 0 1 1 0 0 1 0 0 0 1 0 0 0 0 0 0 1 0
0 1 0 1 0 0 0 0 0 0 1 0 0 0 0 0 0 1 1 0
0 0 0 0 1 0 0 0 1 1 1 1 0 0 0 0 0 0 0 0
1 0 1 0 1 0 0 1 0 0 1 0 1 0 0 0 0 0 1 0
0 0 1 0 1 0 0 0 0 0 1 0 1 0 0 1 0 0 2 0
0 0 0 0 0 0 1 0 0 0 0 1 0 1 0 0 1 0 0 1
0 1 1 0 0 0 0 0 1 0 0 1 0 1 0 0 1 0 0 1
0 1 1 0 1 1 0 0 0 1 2 0 0 1 0 0 0 1 1 0
0 0 1 0 1 1 0 0 0 0 0 1 1 1 1 0 0 1 1 1
0 1 1 0 1 0 1 0 0 0 0 0 0 0 0 0 0 0 1 1
1 0 0 1 0 1 0 1 1 0 0 0 0 1 0 0 0 0 0 0
0 1 1 0 1 1 0 1 0 0 1 1 0 0 0 1 0 0 1 1
1 0 0 0 0 1 1 0 1 1 1 0 0 0 1 1 0 0 1 0
0 3 0 0 1 0 1 0 0 0 1 0 0 0 1 0 1 0 0 1
0 0 1 1 0 0 0 0 0 1 0 0 0 1 0 0 0 0 1 0
1 0 0 0 0 1 0 0 0 0 0 0 0 0 0 1 0 0 1 1
0 0 0 0 0 1 0 0 0 0 0 0 0 0 1 0 0 0 0 1
0 0 0 0 1 0 3 0 0 1 0 1 0 1 0 0 0 1 0 0
0 0 0 0 0 1 0 0 0 1 0 1 0 1 0 0 1 0 1 0
0 1 1 1 1 1 1 0 0 1 1 0 1 0 1 1 0 0 0 1
0 0 0 1 1 0 0 1 0 0 0 1 0 0 1 0 0 1 0 0
1 1 0 0 0 0 0 0 0 1 0 1 0 0 0 0 1 0 1 0
1 0 1 0 0 0 1 0 1 0 0 1 1 0 0 0 2 1 0 0
0 0 1 0 1 0 1 1 1 0 1 1 0 1 1 0 0 1 0 1
0 1 0 0 0 1 0 0 0 0 1 1 1 0 0 0 0 0 3 1
0 0 0 0 1 1 0 0 0 0 0 0 0 0 0 0 0 1 1 1
1 0 0 0 0 1 0 0 0 0 0 1 0 1 0 0 1 0 0 1
0 1 0 1 1 0 0 1 0 0 3 1 1 0 0 0 0 0 0 1
1 0 0 0 0 0 0 0 1 1 0 1 2 1 0 0 0 1 0 0
0 1 0 1 1 0 1 1 0 1 0 1 0 0 1 1 1 1 1 0
1 0 0 1 0 0 1 0 0 1 1 1 0 1 0 0 0 1 0 0
0 0 0 0 0 0 1 1 1 0 0 0 0 0 0 1 1 1 0 1
0 0 0 0 1 1 0 0 0 1 0 0 0 0 0 1 0 0 1 0
1 1 0 1 0 1 1 0 0 0 0 2 0 1 0 0 0 0 1 0
0 1 0 1 0 0 0 1 1 1 1 1 1 1 0 0 1 0 0 0
1 0 1 0 0 1 0 0 0 1 1 0 0 1 0 1 1 1 0 0
1 0 0 0 0 0 0 0 0 0 0 0 0 0 0 0 1 2 0 1
0 0 1 0 0 0 0 1 0 0 1 0 1 0 0 0 0 0 0 0
0 1 0 1 0 0 0 0 0 0 0 0 0 0 1 0 0 0 0 0
0 0 0 1 0 0 0 1 0 1 1 0 0 1 0 1 0 0 0 1
0 0 0 0 0 0 0 0 0 0 0 0 0 0 0 0 0 0 0 0
0 0 0 1 1 1 0 1 0 0 0 0 0 0 0 1 0 0 0 0
1 0 0 1 1 0 0 1 1 0 0 0 1 0 0 1 3 0 0 0
0 1 1 0 0 0 0 0 1 0 0 1 0 1 0 0 0 0 0 0
1 1 0 0 1 1 0 1 1 1 1 0 1 0 0 0 0 1 1 0
0 0 0 0 0 0 0 0 0 1 1 0 0 1 1 0 0 1 0 0
0 0 0 0 0 0 1 0 0 1 1 0 0 0 0 1 0 0 0 0
0 0 0 0 0 0 1 0 1 0 0 1 0 1 0 1 0 1 0 0
0 0 1 0 1 0 0 1 0 1 0 0 3 1 0 0 0 1 1 1
1 0 0 0 1 1 0 0 1 0 1 0 1 0 0 0 0 0 1 1
0 1 0 1 1 1 1 1 1 1 0 0 1 1 0 1 0 1 1 0
0 0 0 0 1 0 0 0 0 0 0 1 0 0 0 0 0 1 0 0
0 1 0 0 0 1 0 0 1 0 0 0 1 1 0 0 1 0 0 2
1 0 1 0 1 0 0 0 0 1 0 3 1 0 0 0 0 0 0 0
1 0 0 1 1 0 0 0 0 0 1 0 0 1 0 0 0 0 1 0
0 0 1 0 0 0 0 1 0 0 0 1 0 1 0 1 0 0 0 0
1 0 0 0 1 0 1 0 0 0 0 0 0 1 1 0 0 3 0 1
0 0 0 1 0 0 1 0 0 1 0 0 1 0 0 1 1 0 1 0
1 1 0 0 0 0 0 0 0 0 0 1 1 0 1 1 0 0 0 1
0 0 0 0 1 1 0 0 0 0 0 1 0 1 1 0 1 1 1 0
0 0 1 0 0 0 0 1 0 1 0 0 0 1 0 1 0 1 0 1
2 1 0 0 0 0 1 1 0 0 1 1 0 0 0 0 0 1 0 0
1 0 0 0 1 0 0 0 0 0 0 1 0 1 0 0 0 1 0 0
1 1 0 0 0 1 1 1 0 1 1 0 0 0 1 0 1 0 0 0
1 1 1 0 0 0 1 0 0 0 1 0 0 0 1 0 0 0 0 0
0 0 0 0 0 0 0 0 1 1 0 0 0 1 0 0 0 0 0 0
0 0 0 0 0 0 0 0 0 0 0 0 0 0 0 0 1 0 0 0
1 1 0 1 0 0 0 0 1 0 0 0 0 0 0 1 0 1 0 0
0 0 0 0 1 0 0 0 0 1 1 0 0 0 0 1 0 0 1 1
0 0 1 1 1 1 0 0 0 0 1 0 1 1 0 1 1 0 0 0
1 0 1 1 0 0 1 1 1 0 0 1 0 0 1 1 1 1 0 1
0 0 0 0 0 0 1 0 0 0 0 0 0 0 0 0 0 0 0 0
1 1 1 0 0 1 0 0 0 1 1 0 0 0 0 0 1 1 1 3
0 0 0 1 0 0 1 0 1 1 0 1 1 0 0 0 0 0 1 1
1 1 0 1 1 1 1 2 0 1 0 0 0 0 0 0 1 0 0 0
1 0 0 1 0 0 0 1 1 1 1 0 1 0 1 0 0 1 0 0
1 0 0 1 0 1 1 0 1 0 0 1 1 1 0 0 0 1 0 0
1 0 0 0 0 1 0 0 0 0 0 0 0 0 0 0 0 1 0 0
0 2 1 1 0 0 0 0 0 0 0 1 0 1 0 0 0 1 0 0
0 0 1 0 1 0 0 1 0 0 0 2 0 1 1 0 1 0 0 0
0 0 1 1 1 0 0 0 1 0 0 1 1 0 1 0 0 0 0 1
3 0 0 1 0 0 1 0 0 0 1 1 1 0 0 1 0 1 0 0
1 0 1 0 1 1 0 1 0 0 0 0 0 0 0 0 1 0 1 0
1 0 0 1 0 0 0 0 0 0 0 0 0 0 1 0 0 0 1 1
0 0 0 0 0 1 0 0 0 0 0 1 1 0 0 0 1 1 1 1
0 0 0 0 1 1 0 0 1 1 1 0 0 0 0 0 0 1 1 0
1 0 1 1 1 0 1 0 1 1 0 1 0 0 1 0 1 0 1 1
1 0 0 1 1 0 0 0 1 1 0 1 0 0 1 0 0 1 0 0
0 1 0 0 1 0 1 0 0 0 0 0 1 0 0 0 0 1 0 0
0 0 1 1 0 0 0 1 0 1 0 0 0 1 0 0 0 1 0 0
0 0 0 0 0 1 1 0 0 0 1 0 1 0 0 1 0 0 1 0
0 0 1 1 0 0 0 1 1 1 0 1 0 0 0 2 0 1 0 0
0 0 0 0 0 0 1 0 1 1 0 0 1 0 0 0 1 0 1 0
0 0 0 0 0 0 0 1 0 0 0 0 0 0 0 0 1 0 1 1
0 0 0 0 0 0 0 3 0 1 0 1 1 0 0 0 1 1 0 1
0 1 1 0 0 0 0 1 0 0 1 0 0 1 0 0 0 1 0 0
0 0 1 0 0 0 0 0 1 0 0 1 0 1 1 0 0 0 0 1
1 0 0 0 1 1 0 0 0 0 0 0 0 1 1 0 0 1 1 0
0 3 0 0 0 1 1 0 0 0 0 0 0 0 0 1 1 1 0 0
0 1 1 1 0 1 0 0 1 1 0 3 0 0 0 0 0 1 0 1
1 0 0 0 0 1 1 0 0 1 0 1 1 0 0 0 0 0 1 0
0 0 1 0 0 0 1 0 0 0 1 0 0 0 0 0 1 0 0 1
0 0 0 0 1 0 0 0 1 1 0 0 0 0 0 1 0 0 0 1
0 1 1 1 1 1 0 0 0 0 0 0 1 0 0 0 1 0 1 0
1 0 0 0 0 1 0 1 0 1 0 0 0 0 1 1 0 0 0 0
1 0 1 0 0 0 1 0 0 0 0 0 0 0 0 0 0 0 1 0
1 0 0 0 0 1 1 0 1 0 0 1 1 0 0 1 1 0 0 0
0 0 1 0 1 0 0 0 1 1 0 1 0 1 0 0 0 0 1 1
1 0 1 1 0 0 1 1 0 1 0 2 0 0 0 1 0 0 0 0
0 1 0 1 1 0 0 0 1 0 0 0 0 0 0 1 0 0 0 0
1 1 0 1 0 0 0 0 0 0 1 1 0 1 0 0 0 1 0 0
0 1 0 0 1 0 1 0 0 1 0 0 0 0 0 3 0 1 0 0
1 0 0 1 0 0 0 0 0 1 0 1 1 0 0 0 1 0 2 0
1 1 0 0 0 0 0 0 0 0 1 0 0 0 1 0 1 0 0 0
0 0 0 1 0 1 0 0 0 1 0 1 0 0 0 1 0 0 0 1
1 0 0 0 0 0 0 0 0 1 0 0 1 1 0 1 0 1 1 0
1 0 1 1 1 0 1 0 0 1 0 2 1 0 0 0 0 0 1 0
0 0 1 1 0 1 0 0 1 1 0 0 1 1 0 1 1 0 0 0
0 1 0 1 0 1 0 0 0 0 0 0 0 0 0 0 0 0 0 0
0 0 0 1 0 1 1 0 1 1 1 0 0 1 1 0 0 0 1 1
1 1 1 0 1 1 0 1 0 0 0 0 0 1 1 0 0 0 0 0
0 0 0 0 0 1 0 0 0 1 0 0 1 0 0 0 0 0 0 0
1 0 1 0 1 0 0 1 0 0 0 1 0 0 1 0 0 1 0 0
0 1 0 1 1 0 0 0 0 1 1 0 0 1 0 0 1 1 0 0
0 0 1 0 0 0 1 0 1 1 0 0 1 0 0 1 0 0 0 0
0 0 1 1 0 0 0 1 0 1 0 0 0 0 0 0 0 0 1 0
1 1 1 0 0 0 0 1 0 0 1 0 0 0 0 0 1 0 0 1
0 0 1 0 0 0 1 0 0 0 0 1 0 1 1 0 0 1 0 2
1 1 0 0 0 1 0 1 0 0 1 3 0 0 0 1 1 0 0 1
1 0 0 1 1 0 0 0 0 1 1 1 0 1 0 0 0 0 1 0
0 0 0 0 0 0 1 1 0 0 0 0 0 0 1 1 0 0 0 1
0 0 1 0 0 0 0 1 1 2 0 0 0 0 0 0 1 1 0 0
1 0 1 1 0 1 1 0 0 2 1 0 0 1 0 0 1 0 3 0
1 1 1 0 0 0 0 0 0 1 0 0 0 1 1 0 0 0 1 0
2 0 1 0 1 0 1 1 1 0 1 1 0 0 1 0 0 0 0 0
0 1 0 1 1 0 0 1 1 0 0 0 1 0 1 1 1 0 0 0
0 0 1 0 1 0 0 1 0 0 0 3 0 1 0 0 0 0 1 0
0 0 0 1 0 1 1 0 0 1 0 1 0 0 0 0 0 1 1 1
0 0 1 1 1 0 0 1 0 0 0 0 1 1 0 1 0 0 0 1
0 1 0 0 0 0 1 0 1 0 1 0 0 1 0 1 0 0 0 0
0 1 0 0 0 0 0 0 0 0 0 0 0 0 0 0 1 0 0 0
0 1 0 0 1 0 1 0 1 1 1 0 2 0 1 1 0 0 1 1
0 0 1 1 0 1 0 0 1 0 1 0 0 0 1 0 0 1 1 1
0 1 0 0 0 0 1 0 0 0 0 0 0 1 1 0 2 0 0 0
0 0 0 0 0 1 0 0 0 1 1 1 0 0 0 0 0 0 1 1
0 1 0 0 1 0 0 0 0 1 0 0 1 0 0 0 0 0 0 1
0 0 0 0 0 0 1 1 1 1 0 0 1 0 0 0 0 1 0 0
0 0 1 1 0 0 1 1 0 0 0 0 0 0 0 0 0 0 0 3
0 0 0 0 1 0 0 0 1 0 0 1 0 1 0 0 0 1 0 1
1 1 1 0 1 0 0 1 1 1 1 0 0 0 1 1 0 0 1 1
0 0 0 0 1 0 0 0 0 0 1 0 1 0 1 0 1 0 0 1
0 0 0 1 0 0 0 1 0 3 0 1 0 0 1 0 0 1 0 1
1 0 0 0 0 0 0 1 0 3 0 1 0 1 1 0 0 0 0 0
1 0 1 0 0 0 0 1 1 0 1 0 0 1 1 1 2 0 0 0
3 0 1 1 1 0 0 0 0 1 1 1 0 1 0 0 0 1 0 0
0 0 1 0 0 0 1 0 1 1 0 0 1 1 0 0 0 0 0 1
0 0 0 0 1 0 1 1 0 0 0 0 0 0 1 0 0 1 0 0
0 0 0 0 0 0 1 1 1 1 0 0 1 0 1 0 0 1 0 0
0 0 0 0 0 0 1 0 0 0 1 0 0 0 0 0 0 0 0 0
0 0 0 0 1 1 0 1 0 0 1 0 0 0 1 1 0 0 0 0
0 0 0 0 0 0 1 1 1 1 0 0 0 1 1 0 1 0 1 0
1 0 1 0 1 0 0 1 0 0 0 1 3 0 0 0 1 1 0 0
0 1 1 0 0 0 1 0 0 1 0 1 0 1 1 0 0 1 0 1
0 1 1 0 0 1 1 1 1 0 1 0 1 1 0 1 3 0 0 0
0 0 1 0 1 0 1 0 1 1 0 0 0 0 0 1 1 1 0 0
0 0 2 0 0 0 0 0 0 0 0 0 0 0 1 0 1 0 1 0
1 0 0 1 0 0 1 1 0 0 1 0 0 0 0 1 0 0 0 0
0 0 0 0 0 1 0 1 0 0 0 1 1 0 0 1 0 0 0 0
1 1 1 0 0 0 0 0 0 0 1 0 0 0 0 0 1 0 0 0
0 1 0 1 1 0 0 0 0 0 0 0 0 1 0 1 1 1 0 0
0 0 1 0 0 0 0 1 1 0 1 0 0 0 1 0 1 0 0 1
0 0 1 1 1 0 1 0 1 0 1 0 0 0 0 0 0 1 0 1
0 1 0 0 1 1 1 0 0 0 0 1 1 0 1 1 0 1 0 1
0 0 0 0 0 0 0 1 0 1 0 1 0 1 0 0 3 1 0 1
0 1 0 0 0 1 1 1 0 0 0 0 1 0 0 0 0 0 0 0
0 0 0 0 0 0 1 0 1 0 1 0 1 0 0 1 0 1 0 0
0 1 1 1 1 0 0 0 1 1 0 1 1 0 0 0 0 0 1 1
0 0 0 0 0 1 0 0 0 0 0 0 0 1 0 0 0 0 1 0
1 0 0 0 1 0 0 0 0 0 0 0 1 0 0 1 0 0 0 0
0 1 0 1 0 0 1 0 1 1 1 0 0 0 0 0 1 0 0 0
1 0 0 1 0 0 1 1 0 1 0 0 0 0 0 0 0 1 0 0
0 0 0 0 0 0 1 1 1 0 1 0 1 0 0 1 1 1 0 0
1 0 0 0 1 1 1 1 0 1 0 0 1 0 0 1 0 1 1 0
0 0 0 1 1 0 0 0 0 1 0 0 0 0 0 0 1 0 0 0
0 1 1 1 0 0 0 0 1 0 1 0 0 1 0 1 0 2 0 0
0 0 3 0 0 1 0 0 0 1 0 1 0 1 1 0 0 1 0 0
1 0 0 0 1 1 0 1 0 0 0 0 0 0 1 1 1 1 0 1
0 0 0 0 0 0 1 0 0 0 0 0 0 1 0 0 0 0 1 0
1 0 0 0 0 0 0 1 1 0 1 0 1 0 0 0 0 0 0 0
1 0 0 0 1 0 1 0 0 2 0 1 0 0 0 1 0 1 0 1
0 1 0 1 0 0 0 1 0 1 0 1 1 0 0 0 0 0 0 0
1 0 1 1 0 1 0 0 0 0 1 0 0 0 1 0 0 0 0 0
1 0 0 1 0 1 1 0 0 1 1 0 1 1 0 0 0 1 0 0
1 0 0 0 0 0 0 1 0 1 0 1 0 0 1 1 0 1 0 0
0 0 0 0 0 0 0 0 0 1 0 1 0 0 0 0 0 1 1 0
0 0 0 0 0 0 0 0 1 0 0 1 0 1 0 0 0 0 0 0
1 0 0 0 1 1 0 0 2 0 1 0 1 0 0 1 0 0 1 1
0 0 0 0 1 0 0 0 0 0 1 0 1 1 0 0 1 0 0 1
0 1 0 0 1 0 0 0 0 0 0 0 0 0 0 0 1 0 1 1
1 1 0 1 0 0 0 0 0 0 0 1 0 1 1 1 1 1 0 1
0 0 0 0 0 0 1 0 1 1 1 0 0 0 1 0 1 1 0 0
0 0 1 0 0 0 0 1 0 0 1 1 1 0 0 1 0 0 0 0
0 0 0 1 0 1 1 1 0 1 0 1 0 0 0 0 1 0 1 0
0 1 0 0 0 0 0 1 0 0 1 0 0 0 0 0 0 1 0 1
1 1 0 1 0 0 1 0 0 1 0 0 0 0 1 0 1 3 1 0
0 0 0 0 0 0 0 0 2 1 0 1 0 1 0 1 1 1 1 0
1 1 0 0 0 0 0 0 1 1 1 0 1 0 1 0 1 0 0 0
0 0 1 1 0 0 0 0 0 0 1 0 0 0 0 1 0 0 0 0
0 0 1 0 0 1 0 1 0 2 1 1 0 1 0 1 0 1 0 0
1 0 0 0 0 0 0 1 0 3 0 0 0 1 0 0 1 0 0 1
0 0 0 1 1 0 1 1 1 0 0 0 0 1 0 0 0 0 0 0
0 0 0 0 0 0 1 0 0 0 0 0 1 0 0 1 0 1 0 0
1 0 0 0 1 0 0 0 1 1 0 0 0 0 0 0 1 0 1 0
1 0 0 1 1 0 0 0 0 1 0 0 0 0 0 0 1 1 0 0
1 1 1 1 1 1 0 0 1 1 0 0 0 0 0 0 0 1 0 0
1 0 0 0 0 1 1 0 2 0 0 1 0 0 0 0 0 1 0 0
1 1 0 0 1 0 0 0 3 0 0 0 0 0 0 0 0 1 0 0
0 0 1 1 0 0 1 0 1 0 0 0 1 0 0 1 1 1 0 1
0 0 0 1 0 0 0 0 0 0 0 1 0 0 0 0 0 0 1 0
0 0 1 1 0 2 0 0 1 0 0 1 0 1 1 1 0 1 0 1
1 0 0 0 0 0 0 0 1 1 0 0 0 1 1 1 1 0 1 1
0 1 0 0 0 0 0 1 0 1 2 0 0 1 0 1 0 0 0 1
1 1 0 1 1 1 0 0 0 0 0 0 0 0 0 0 1 1 0 1
1 0 0 0 1 0 0 0 0 1 0 1 1 0 0 1 0 1 1 0
0 0 0 0 2 0 1 1 0 1 0 0 0 0 0 0 1 0 1 0
0 0 1 0 1 1 0 0 3 1 0 1 0 0 0 0 0 1 0 0
0 0 0 0 1 1 0 0 1 0 1 0 1 0 0 0 0 0 0 0
0 0 1 1 0 0 0 1 0 1 0 0 0 0 0 0 0 0 0 0
0 1 0 0 0 0 0 1 0 3 1 1 0 0 0 1 0 0 0 0
0 0 0 0 1 1 0 0 1 1 1 1 0 1 1 1 0 0 1 0
0 0 0 0 0 0 0 0 1 1 0 0 0 1 1 0 1 0 0 1
2 1 0 0 0 0 0 0 0 0 0 0 1 0 0 0 1 0 0 1
0 0 0 0 1 0 0 0 1 1 0 1 1 1 1 0 1 0 0 1
1 0 1 0 0 0 0 0 1 0 1 0 0 0 1 0 0 1 0 0
0 0 0 1 0 0 0 1 0 0 0 0 0 0 0 1 0 0 0 1
0 0 0 0 0 0 0 0 3 0 0 0 0 0 0 1 1 1 0 1
0 0 0 0 1 1 0 0 1 1 0 0 1 1 1 0 1 0 1 0
0 0 1 0 1 0 0 1 0 0 0 1 0 0 0 1 0 0 0 0
0 0 0 0 0 0 1 0 0 1 1 0 0 0 0 1 0 1 1 0
1 0 1 0 1 3 1 0 1 0 0 0 1 0 1 1 0 1 1 1
1 0 1 1 0 0 0 1 0 0 0 0 1 1 1 1 0 0 1 0
0 0 1 1 0 0 1 0 0 1 3 0 0 0 0 0 0 1 0 0
0 1 0 0 0 1 1 0 1 1 0 1 0 0 1 0 0 0 1 0
1 0 1 0 0 0 1 1 0 1 0 0 1 0 0 1 0 0 0 1
0 1 0 0 3 1 0 0 0 1 0 0 1 0 1 1 0 1 0 0
0 0 0 0 0 0 0 1 0 0 1 0 1 0 1 0 1 0 1 1
0 0 0 1 1 0 1 1 0 0 1 0 1 0 0 1 0 0 1 0
1 0 1 0 0 0 1 0 0 1 1 1 0 0 0 1 0 0 0 0
0 0 0 0 1 0 0 1 0 0 1 0 0 0 0 1 1 1 0 0
1 0 0 1 1 0 0 1 0 0 0 1 1 1 0 0 0 1 0 1
0 1 0 1 1 1 0 0 1 1 0 0 0 1 0 0 1 0 1 0
3 0 0 0 0 0 0 0 1 0 1 1 1 0 0 0 1 0 0 1
1 0 1 0 0 0 0 0 0 0 0 0 0 0 0 0 0 0 0 1
1 0 0 1 0 1 0 1 1 0 0 0 1 0 1 0 1 0 1 0
1 1 0 0 0 1 1 0 0 1 0 1 1 0 0 0 1 1 0 1
0 0 0 0 0 1 0 0 0 1 0 0 0 0 0 1 0 0 0 0
1 0 0 1 1 1 0 0 0 0 0 0 0 1 0 1 1 0 0 0
0 1 1 1 0 0 0 0 1 0 0 0 0 1 0 0 0 0 0 0
0 0 0 0 0 1 1 0 1 0 0 1 0 0 0 1 0 0 1 1
0 0 1 1 0 0 1 0 0 1 1 0 0 0 0 0 2 0 0 0
0 0 0 0 0 0 0 0 1 1 0 0 0 0 0 1 0 0 0 0
1 0 1 0 0 0 1 1 0 0 1 0 0 1 1 0 0 1 0 0
1 2 1 0 0 0 0 0 1 0 0 1 0 1 1 0 1 0 0 1
0 1 0 0 1 1 0 0 0 0 1 0 0 0 0 0 0 1 0 0
1 1 0 0 0 0 1 0 1 0 0 1 1 1 0 0 0 1 1 0
0 0 0 1 1 0 0 0 1 0 1 0 1 1 1 0 1 1 1 0
1 1 0 0 0 0 0 0 1 1 0 0 0 0 1 0 0 1 0 1
1 0 0 0 1 0 0 1 1 0 0 0 0 0 1 1 0 0 0 0
0 0 2 0 0 1 0 0 1 0 0 0 1 0 1 1 0 0 0 1
1 1 0 1 0 0 0 0 0 0 0 0 0 0 1 0 0 0 1 1
1 0 0 0 0 1 0 0 0 0 0 0 1 0 1 0 0 0 0 0
0 0 1 0 1 0 0 1 0 0 0 0 0 1 1 0 1 0 0 0
0 0 0 1 0 1 0 0 0 0 0 0 0 0 0 0 1 1 0 0
0 0 0 0 0 0 1 0 0 1 1 1 1 0 0 0 0 0 1 1
0 0 0 0 1 0 0 0 1 1 0 0 0 1 0 0 0 1 0 1
0 0 0 0 0 0 1 1 0 0 0 0 0 0 0 1 0 0 0 1
0 0 0 0 0 1 0 0 1 1 0 1 0 0 1 0 0 1 0 0
1 1 0 1 0 1 0 0 0 1 1 0 0 1 0 0 0 0 0 0
1 0 1 0 1 1 0 0 2 1 0 0 0 1 0 0 0 0 0 1
0 0 1 1 0 0 1 1 0 0 1 1 1 0 0 1 3 0 1 0
0 0 1 0 0 0 0 0 1 1 0 1 0 0 0 0 0 1 0 0
0 1 1 0 1 1 0 1 0 1 0 1 0 0 1 0 0 0 0 0
0 3 0 0 1 0 0 0 0 1 0 0 0 0 0 1 1 0 0 0
0 0 1 0 0 0 1 0 1 0 1 0 0 0 0 0 1 0 1 0
0 0 0 1 0 0 0 1 0 1 0 1 0 0 0 0 1 1 0 0
0 1 1 0 0 1 0 1 1 1 0 0 0 0 0 0 1 1 1 0
0 1 1 1 0 0 1 1 0 0 0 0 0 1 0 0 0 0 0 0
1 0 0 0 1 0 0 1 1 0 1 0 0 0 1 0 0 0 1 0
0 1 3 0 0 0 0 0 1 1 1 1 0 1 0 1 0 0 0 0
1 0 0 0 0 0 1 1 1 1 1 0 0 1 0 0 0 0 1 0
1 0 0 0 0 0 0 1 0 0 0 1 1 1 0 0 0 0 0 1
0 0 1 0 0 1 0 0 0 0 1 0 0 1 0 1 0 0 0 1
0 1 0 0 0 0 1 0 0 1 0 1 0 1 1 0 1 1 1 0
1 0 0 0 0 1 0 1 0 1 1 1 0 0 0 0 0 0 0 0
1 0 0 0 1 1 0 0 1 0 1 0 0 0 1 1 0 1 1 1
0 0 0 0 0 0 0 0 1 0 1 0 0 0 0 0 0 0 0 0
0 0 0 0 0 0 0 0 1 1 0 0 0 0 0 0 1 0 1 0
1 1 1 0 2 1 0 0 0 0 1 1 0 0 0 0 1 0 0 1
1 1 0 1 0 0 0 0 3 1 0 0 0 0 0 0 0 1 0 0
1 0 0 0 1 0 0 0 0 0 1 1 1 0 0 1 1 1 1 1
0 0 1 0 0 0 1 0 0 0 1 1 0 1 0 0 0 0 0 0
0 1 0 1 0 1 0 0 0 0 0 0 0 1 0 1 0 0 0 1
0 0 1 0 0 0 0 0 0 1 0 0 1 0 1 0 1 0 1 1
1 0 1 1 0 0 0 0 0 0 1 0 1 0 1 0 1 0 0 0
0 0 0 0 0 1 0 0 1 0 0 1 0 0 1 0 0 0 0 0
0 1 0 1 1 1 0 0 0 0 0 1 1 1 0 0 0 0 0 0
1 0 1 1 0 1 1 0 0 2 0 0 0 1 0 0 1 0 1 1
0 0 1 0 0 1 0 0 1 2 1 0 1 0 0 0 1 0 0 0
0 0 0 0 1 0 0 1 1 0 0 0 0 0 1 0 0 0 0 0
0 1 0 0 0 0 0 0 0 0 1 0 0 0 0 0 1 1 1 1
1 0 0 0 0 0 1 1 0 0 1 0 0 0 0 1 0 1 1 1
1 0 0 0 0 1 0 0 1 0 0 0 1 0 0 0 0 0 0 1
0 0 0 0 0 1 0 1 0 1 0 1 1 0 1 0 0 0 1 1
1 0 0 0 1 0 0 0 0 0 1 0 0 0 0 0 1 0 1 0
0 0 0 1 1 1 0 1 0 0 1 0 0 0 0 1 1 0 0 0
0 0 0 0 0 0 0 0 0 0 0 0 1 1 0 0 0 0 0 0
1 0 1 1 0 1 0 0 0 0 1 0 1 0 0 0 0 1 0 0
0 1 0 0 3 0 0 0 0 0 0 0 0 0 1 0 1 0 1 1
0 0 0 1 1 0 1 0 0 0 0 1 1 0 0 1 0 0 1 0
1 1 1 0 1 0 1 0 0 1 0 0 1 0 0 0 2 0 0 1
1 0 1 2 0 1 0 1 0 0 1 1 1 0 1 0 1 1 0 1
1 0 0 1 0 1 0 0 0 0 1 0 0 1 1 0 0 0 0 0
0 2 1 0 0 0 1 1 0 1 0 0 0 0 0 1 0 0 0 1
1 1 1 0 0 0 0 0 0 0 0 2 0 0 0 0 1 1 1 1
0 0 0 0 0 0 0 0 0 0 0 1 1 0 1 1 0 1 0 0
0 0 0 0 0 0 0 0 1 0 0 1 1 0 0 0 1 0 0 0
1 1 0 1 1 0 0 0 0 3 0 0 1 1 1 0 1 1 0 1
0 0 0 0 0 0 1 0 0 3 0 1 0 1 0 0 1 1 1 0
0 0 0 0 0 1 0 1 0 0 0 0 0 0 0 0 1 1 0 0
1 0 0 1 0 1 0 1 0 2 0 1 1 0 1 1 0 0 0 0
0 1 0 0 1 0 1 1 0 0 0 1 0 1 1 0 0 0 0 1
1 0 0 0 0 0 0 0 0 0 0 0 0 1 0 0 0 1 0 0
0 0 1 0 1 1 0 0 1 0 0 0 1 1 1 0 0 0 0 1
0 0 1 0 0 1 1 1 0 0 0 1 1 1 0 0 0 0 0 0
0 1 1 0 0 0 1 0 1 0 2 1 0 0 1 0 0 0 0 1
0 0 0 0 1 1 1 1 0 0 0 0 0 0 1 1 0 1 0 1
0 1 0 0 0 1 0 0 1 0 0 1 0 0 0 0 0 0 0 0
1 1 0 0 0 1 0 0 0 0 0 0 1 1 1 1 0 1 0 0
0 0 0 0 0 1 1 0 1 1 0 0 0 0 1 1 0 0 0 0
1 1 0 1 0 1 0 1 0 0 0 1 1 0 0 1 3 0 0 0
0 1 1 3 0 1 0 0 0 0 0 0 1 1 0 0 0 1 0 0
0 0 0 1 2 1 0 1 0 0 0 0 0 1 1 0 0 0 0 0
1 3 0 0 0 0 1 1 0 0 0 1 1 0 1 1 0 0 0 0
1 0 1 1 0 0 1 0 0 0 1 3 0 1 1 0 1 1 0 1
0 0 0 0 0 0 0 0 0 1 0 1 0 0 1 0 0 0 1 1
0 0 1 0 0 0 0 1 0 1 0 1 0 1 0 0 1 0 0 0
0 0 0 0 0 0 0 0 0 1 0 1 0 0 0 1 0 0 0 1
0 1 0 0 0 0 0 0 0 1 0 0 0 0 0 0 0 0 1 1
1 0 0 0 0 0 0 0 0 1 0 1 0 0 1 1 1 0 0 0
0 0 0 0 1 1 1 1 0 3 1 1 0 0 0 0 0 1 0 0
1 0 1 0 1 0 1 0 1 0 0 1 0 0 1 0 1 1 1 1
1 0 0 1 0 0 0 0 0 1 0 1 0 0 0 0 0 0 0 1
0 1 0 1 0 0 0 1 0 0 0 0 1 1 0 0 1 0 0 0
0 0 0 0 0 1 0 0 0 0 0 0 1 0 0 0 1 0 0 0
0 1 0 0 0 0 0 0 0 0 3 0 1 1 1 0 0 0 0 0
0 0 0 1 0 2 0 1 0 0 0 1 1 0 0 0 0 1 1 0
0 1 0 0 0 0 1 1 1 0 1 0 0 0 0 1 1 0 0 0
0 0 0 0 0 0 1 1 1 0 1 1 0 0 1 1 0 2 0 1
1 0 0 0 1 1 1 0 0 1 0 1 0 0 1 1 0 1 0 1
0 0 0 0 1 0 1 1 1 1 0 1 1 0 0 1 0 0 1 1
1 0 0 0 0 0 0 0 0 0 0 1 0 1 0 1 1 0 1 0
0 0 0 0 3 1 0 1 0 1 0 1 0 1 0 0 0 0 1 0
0 0 1 1 1 1 0 1 0 0 0 1 0 1 0 0 0 1 1 0
1 2 0 0 0 0 0 0 1 0 0 0 0 1 0 0 0 1 1 1
0 1 1 0 1 0 0 1 1 1 1 0 0 0 0 1 1 0 0 1
1 0 0 2 0 0 0 1 0 0 0 1 1 0 1 0 0 0 0 0
1 0 0 1 1 0 1 2 1 0 0 1 0 1 0 1 1 0 1 0
1 1 1 0 0 0 0 0 1 1 1 0 0 0 1 0 1 0 0 0
0 0 1 0 0 1 1 0 1 1 1 0 0 0 0 0 0 0 0 0
0 0 0 1 0 0 0 1 1 0 0 0 0 0 1 0 0 0 0 0
0 0 0 0 0 0 0 1 1 0 0 0 0 0 0 0 1 0 0 0
0 0 0 0 0 0 0 0 0 0 0 0 1 0 1 1 1 0 1 1
0 1 0 0 0 0 0 0 0 0 0 0 0 0 0 0 0 0 0 1
1 0 1 0 1 1 0 0 1 1 0 0 1 1 0 1 0 0 0 0
0 0 0 0 1 0 0 0 0 0 0 0 1 0 0 1 0 1 0 1
1 0 1 1 1 3 1 0 0 1 0 0 0 0 1 1 0 0 0 0
1 0 0 0 0 0 1 0 0 0 0 0 0 1 0 1 0 0 0 1
0 0 1 0 0 1 0 1 1 1 0 0 0 0 0 1 0 3 0 1
1 0 0 0 0 1 0 0 0 1 0 0 0 0 0 2 0 0 1 0
0 1 0 1 1 1 0 0 1 0 1 1 0 0 0 0 1 1 1 0
0 0 0 0 0 0 0 0 0 0 1 1 0 0 0 1 1 1 1 0
0 1 0 1 0 0 2 1 0 1 1 0 0 0 0 1 0 0 0 0
0 0 0 1 1 0 1 0 1 0 0 0 0 1 0 1 0 0 0 0
0 3 1 0 1 0 1 0 1 1 0 0 0 0 0 0 0 0 0 0
1 0 0 0 1 1 0 0 0 0 0 1 1 0 0 1 0 0 0 1
0 1 0 3 1 0 1 0 0 0 1 0 0 0 0 0 1 1 0 0
0 1 0 1 0 1 1 3 0 0 0 0 1 0 0 1 0 0 0 1
0 0 0 0 0 0 0 1 0 1 0 0 1 0 0 1 1 0 1 1
0 0 0 1 0 1 0 1 0 1 0 0 0 0 0 0 1 0 0 0
0 0 0 0 0 0 1 0 0 0 0 0 0 0 1 0 1 1 0 0
0 1 0 0 0 1 0 0 1 0 1 0 1 1 1 1 0 0 0 2
1 1 0 0 0 0 0 0 1 1 0 0 0 0 0 0 0 0 1 0
0 0 0 1 1 0 0 1 0 0 1 0 0 1 1 0 0 0 0 0
0 0 0 0 0 1 0 1 0 0 1 1 0 0 0 1 0 1 0 0
0 0 1 0 0 0 0 0 0 1 0 1 2 0 1 0 1 1 0 0
1 1 0 1 1 1 0 1 0 1 1 1 0 1 1 0 0 0 0 0
1 0 0 1 0 1 0 1 1 0 1 0 0 0 0 1 0 1 0 0
1 0 1 0 0 0 1 1 0 0 0 0 0 1 0 0 0 0 1 1
1 0 0 0 0 0 0 1 0 0 0 1 0 1 0 3 1 0 1 1
1 0 0 0 1 1 0 1 0 0 0 1 0 0 0 0 0 0 0 1
0 0 1 0 0 1 0 0 1 0 1 0 1 0 0 1 1 0 0 0
0 1 0 1 0 0 3 0 0 0 0 0 0 1 1 1 1 0 0 1
0 0 1 1 0 0 0 1 0 0 0 0 0 1 1 0 0 0 0 0
0 0 1 1 0 0 0 0 0 0 0 1 0 0 0 0 0 0 1 0
1 0 0 0 0 0 1 1 0 1 0 0 0 1 0 0 1 0 0 0
0 0 0 0 0 0 1 0 0 0 0 0 1 0 1 0 0 0 1 0
0 1 1 0 0 0 0 0 0 0 0 0 0 0 0 0 0 0 0 0
0 0 1 0 0 0 0 0 0 1 0 0 0 0 1 0 0 1 0 1
0 0 2 0 1 1 0 0 0 0 1 1 0 0 0 0 0 1 1 0
0 0 0 1 1 0 0 0 1 0 0 1 1 0 1 1 0 1 0 0
1 0 1 0 0 0 0 1 1 0 1 1 1 1 1 1 0 0 0 3
0 1 1 0 0 0 0 0 1 0 0 1 1 0 1 1 1 0 0 0
0 1 0 0 0 1 0 1 0 0 0 0 0 0 0 1 0 1 1 1
1 1 0 0 0 0 0 0 0 0 1 0 1 0 0 1 0 0 1 0
0 1 0 0 0 1 0 1 1 1 1 0 3 1 0 0 0 1 0 0
1 0 1 0 0 0 0 1 1 1 0 1 1 0 0 0 0 0 1 0
1 0 1 0 1 0 0 0 1 0 1 0 1 0 0 0 1 0 1 0
1 1 0 1 0 1 0 1 0 0 0 0 0 0 0 1 0 0 1 0
1 1 1 1 1 0 1 0 1 1 0 0 0 1 2 1 1 0 1 0
0 1 0 0 0 0 0 1 0 0 0 1 0 0 0 1 0 0 0 0
0 0 0 0 1 0 0 0 0 0 1 2 1 0 0 1 1 0 0 0
0 0 0 1 0 0 0 1 0 0 0 1 0 0 1 0 0 0 0 0
1 0 0 0 0 1 0 0 0 0 0 0 1 0 1 1 1 1 0 0
1 0 0 0 0 0 1 0 0 0 1 0 0 0 1 0 1 0 0 0
0 0 0 1 0 0 0 0 0 0 0 0 1 0 0 1 1 0 0 0
0 1 0 0 0 0 0 2 1 1 0 0 1 0 1 0 0 1 0 0
0 1 0 0 1 0 0 0 1 0 0 0 0 0 1 0 0 0 1 1
1 0 0 1 1 1 0 0 0 1 1 0 1 0 1 1 1 1 0 0
1 0 3 1 0 0 1 0 1 0 0 1 0 0 1 1 0 0 1 1
0 0 1 0 0 0 0 0 1 0 1 0 1 0 0 1 0 1 0 1
0 1 0 0 0 0 0 0 0 0 0 0 0 1 1 0 0 0 0 0
0 0 0 0 1 1 1 0 0 1 1 0 0 1 1 0 1 0 1 0
0 1 1 0 0 1 0 0 0 0 1 0 0 0 0 0 1 0 1 0
1 0 0 1 0 1 1 0 0 0 0 1 0 1 1 1 1 0 0 1
0 1 0 0 1 1 1 0 0 0 0 0 0 0 1 0 0 0 0 0
0 1 1 0 0 1 0 0 0 0 1 0 0 1 1 0 0 1 1 0
0 1 1 0 0 0 1 0 1 0 0 0 1 0 0 1 0 1 0 0
0 0 1 0 0 0 0 0 0 0 1 0 1 0 0 0 0 0 1 1
0 1 0 0 0 1 0 0 1 0 0 1 0 1 3 0 0 0 0 0
0 0 1 0 1 0 1 0 0 1 0 0 0 1 0 1 0 1 0 0
1 0 1 0 0 1 0 0 0 0 0 3 1 0 1 1 0 0 1 1
0 1 0 0 2 0 1 1 0 1 0 0 0 1 0 0 1 0 0 0
0 0 1 0 0 0 0 1 0 0 0 1 1 0 0 0 0 0 0 0
0 0 1 1 0 1 0 0 1 0 0 0 0 1 0 0 1 0 0 0
0 0 0 0 0 0 1 1 0 2 0 0 0 0 1 1 0 1 0 0
0 0 0 1 0 0 0 3 0 0 1 1 0 0 0 0 0 1 0 0
1 1 0 1 1 0 0 0 0 0 0 0 1 0 1 0 1 0 0 0
0 1 0 0 0 1 1 0 1 1 1 1 1 1 0 1 0 0 0 1
0 0 2 1 0 0 1 1 0 0 0 0 1 0 0 0 0 0 1 0
0 1 1 0 1 1 0 0 0 0 0 1 1 1 0 1 1 0 0 0
1 1 1 0 0 0 1 0 0 0 1 0 0 0 0 1 0 0 0 1
0 1 1 0 0 0 1 0 0 1 1 0 0 1 1 1 0 0 1 1
0 0 0 1 1 0 0 1 0 0 0 1 0 0 0 1 1 2 0 1
0 0 0 0 1 0 0 1 0 1 0 0 0 1 1 0 0 0 1 0
0 1 1 1 0 0 1 0 0 0 1 0 0 1 0 1 0 0 1 0
0 0 1 0 0 1 0 0 0 0 0 0 1 0 0 0 0 1 0 0
0 0 1 0 1 0 0 0 1 0 0 0 0 1 0 0 0 1 0 0
1 0 0 0 1 0 0 0 1 1 0 1 0 1 0 0 0 0 0 0
0 1 1 0 0 0 0 1 0 0 0 1 1 0 1 0 0 0 1 0
0 1 0 0 0 0 0 0 1 0 0 0 0 1 0 1 0 0 1 0
0 0 1 0 0 0 0 1 1 1 0 1 1 0 0 0 0 0 1 0
2 0 0 1 3 1 1 0 0 1 0 0 0 0 0 1 1 0 0 0
1 0 1 0 0 0 0 0 0 1 0 1 0 0 0 1 0 0 1 0
1 1 1 0 1 0 1 1 0 0 0 0 0 0 1 0 0 0 1 0
0 1 0 0 0 1 1 1 1 3 0 0 0 1 1 1 1 0 1 0
0 0 0 0 1 0 0 0 1 0 0 0 0 0 1 1 0 0 1 0
0 1 0 0 0 0 0 0 1 0 0 0 0 1 0 1 0 1 0 1
1 1 0 0 0 0 0 0 0 1 1 0 0 0 0 0 1 1 1 1
0 0 3 1 1 1 0 0 1 0 0 1 0 0 0 0 0 0 0 0
1 0 1 0 0 0 1 0 0 1 0 0 1 0 1 0 1 0 0 0
1 1 1 1 0 0 1 0 1 0 1 1 0 0 0 1 0 0 0 0
0 1 0 0 0 0 0 0 1 0 1 1 1 0 1 0 0 1 0 0
1 1 1 0 1 0 0 0 0 0 0 0 0 0 0 0 1 3 0 0
0 0 1 0 0 0 0 0 1 0 0 0 1 1 0 0 1 0 0 0
1 0 1 1 0 0 0 0 0 0 0 0 0 1 2 1 0 0 1 0
0 0 0 0 0 0 1 1 0 1 0 0 2 0 0 0 1 0 1 0
0 0 0 0 0 0 1 0 0 1 1 1 0 0 1 0 0 0 0 0
1 0 0 0 1 0 0 1 0 0 0 0 1 1 1 1 0 0 1 1
1 0 0 1 0 1 1 0 0 0 0 1 0 0 0 0 0 0 0 0
0 0 0 0 0 0 0 1 2 0 0 0 0 0 0 0 0 1 0 1
0 0 0 0 0 1 0 1 0 0 0 1 1 1 0 0 1 1 1 1
3 0 0 0 0 0 0 1 0 0 0 0 0 1 0 0 0 0 0 0
0 0 0 1 0 0 0 0 1 0 1 1 1 0 0 0 0 0 0 1
1 1 1 0 0 0 0 0 1 0 0 0 1 1 0 0 0 1 1 0
0 0 1 1 1 0 0 1 1 0 1 0 0 0 0 1 1 1 0 0
1 0 0 0 1 0 0 0 0 0 0 1 0 0 0 0 1 0 1 0
0 0 1 0 0 0 0 0 0 0 0 1 1 1 0 0 0 1 0 1
0 0 0 1 1 0 0 1 1 0 0 1 1 1 0 0 0 1 0 0
0 1 0 2 0 1 1 1 1 2 0 0 1 0 0 1 0 0 0 0
1 1 0 1 0 1 1 0 0 1 0 0 0 1 0 1 1 0 0 0
1 0 0 0 1 0 1 0 0 1 1 0 0 1 0 1 0 0 0 0
1 0 0 0 0 0 0 0 1 1 1 0 0 1 0 0 1 0 1 0
0 1 0 0 0 1 0 1 0 1 0 1 0 0 0 1 0 0 0 0
1 0 1 0 0 0 0 1 0 0 1 0 0 0 0 1 0 0 1 1
0 0 1 0 1 0 0 1 1 0 0 0 1 1 3 0 1 0 0 1
1 0 0 0 0 0 0 1 1 1 0 0 3 0 0 0 0 1 0 0
1 1 0 1 0 0 0 1 0 0 0 0 0 0 1 0 0 2 0 0
1 0 0 1 1 0 1 1 0 1 1 0 0 1 0 0 0 1 1 0
0 1 0 0 0 0 1 0 0 0 0 1 1 0 0 0 0 0 0 0
0 0 0 0 0 0 1 1 3 0 0 0 1 1 0 0 1 0 0 0
0 0 1 1 0 1 0 0 0 0 1 0 1 0 0 1 0 0 0 0
