50 10
9 5 1 11 4 13 10 15 9 17 20 13 18 20 19 17 10 14 16 11 17 9 1 12 1 11 14 3 2 17 9 17 6 12 7 17 14 15 9 1 11 18 3 15 1 10 12 1 8 6
2 6
0 0 0 0 1 0 0 1 1 0
1 0 1 1 0 1 0 0 0 0
1 0 0 0 1 0 0 0 0 1
1 0 0 1 1 0 1 1 0 0
0 0 2 0 1 1 0 0 1 1
0 0 0 0 1 0 0 0 0 0
1 1 0 0 1 1 0 0 0 0
2 0 0 0 0 0 0 1 0 0
0 1 1 0 0 1 0 0 0 0
1 0 0 1 0 0 1 0 0 0
0 0 1 0 0 0 1 0 0 0
0 1 0 0 0 0 0 1 0 0
0 2 1 1 0 0 0 0 0 0
0 0 0 1 0 1 1 0 0 0
0 0 3 0 0 1 0 1 1 0
1 1 0 0 0 0 0 0 0 1
0 0 0 0 1 0 1 1 1 0
3 1 0 1 0 0 0 1 0 0
0 0 0 1 0 1 0 0 0 1
1 0 1 0 1 0 1 1 1 1
0 1 0 0 0 0 0 1 0 0
0 0 0 1 0 0 1 0 0 0
1 3 0 0 0 0 1 0 2 0
0 1 1 0 0 1 1 0 0 1
0 0 0 0 0 0 0 0 0 1
0 0 0 1 1 0 1 1 1 0
1 0 0 0 1 0 0 0 0 1
0 2 0 0 0 0 1 0 0 1
0 0 1 1 1 0 1 1 1 1
0 0 0 2 0 0 0 0 1 0
0 1 0 0 0 0 0 1 0 1
1 0 1 0 0 1 0 0 0 0
0 0 0 1 1 0 0 0 3 0
0 0 1 1 0 1 0 1 1 0
0 1 0 0 0 1 0 0 0 0
1 0 0 1 0 0 0 0 1 1
1 0 0 2 2 0 1 1 1 0
0 3 1 0 1 0 0 0 0 0
0 0 0 0 0 0 1 0 1 0
0 2 1 3 0 1 0 0 1 0
0 1 0 0 1 1 2 1 0 0
0 0 0 1 0 0 0 0 0 0
1 0 0 0 0 1 1 0 1 1
0 0 0 0 0 0 0 0 1 1
0 1 0 0 1 0 0 0 0 0
0 0 0 0 0 1 1 0 0 0
1 0 0 3 3 0 0 1 0 1
0 0 0 0 1 1 1 1 0 1
1 0 2 1 1 0 0 1 0 1
1 3 0 0 0 0 1 0 0 0
1 0 0 0 0 0 3 0 0 1
1 0 0 0 0 0 0 2 0 0
0 1 0 0 0 0 0 0 1 0
0 0 1 1 0 0 0 1 0 1
0 0 0 0 1 0 2 1 0 0
0 1 1 1 1 1 2 0 0 0
0 1 0 0 0 1 0 0 1 1
0 0 0 1 0 0 0 0 1 0
1 0 3 0 1 1 0 0 0 1
0 0 1 1 0 0 0 2 1 0
0 0 1 1 0 0 1 0 0 0
2 1 0 0 0 0 0 3 1 0
0 1 0 0 0 0 0 0 0 0
1 0 0 0 0 0 1 0 1 0
1 0 0 0 1 1 3 0 0 0
1 1 1 0 1 2 3 0 0 0
1 1 0 0 2 0 1 2 1 0
1 0 0 0 0 1 0 0 1 0
1 1 1 0 0 0 0 0 1 0
1 0 0 0 0 0 0 3 1 0
0 1 0 0 0 1 0 0 1 0
3 1 1 0 1 1 0 0 1 1
0 0 2 1 0 0 2 0 0 0
0 0 1 0 0 1 0 0 0 1
0 0 1 0 0 0 0 0 1 1
0 0 0 1 1 3 0 0 1 0
0 0 0 0 3 0 0 3 0 0
0 1 2 0 0 0 0 1 0 0
0 2 0 0 0 0 0 1 1 1
0 0 1 1 1 0 1 0 0 1
0 0 0 2 0 0 1 1 0 0
1 1 0 0 0 1 0 0 0 0
0 0 3 0 0 0 3 1 1 1
1 0 1 0 1 0 0 1 1 0
0 1 0 0 1 1 0 0 0 0
1 0 1 0 0 2 0 1 0 1
1 0 1 0 0 0 0 1 0 0
0 0 3 0 0 0 0 0 1 0
1 3 2 0 1 0 1 1 0 0
0 1 0 0 0 0 0 0 2 0
0 0 0 3 0 0 1 1 0 0
0 0 0 0 0 0 0 0 0 1
0 0 0 1 1 0 0 1 0 1
1 0 0 1 1 2 0 0 1 0
0 1 0 1 0 0 0 0 1 1
0 0 0 1 0 3 0 1 0 1
0 1 1 1 0 0 1 0 1 1
0 1 0 0 0 1 0 1 0 0
0 1 3 1 0 1 0 0 0 0
1 0 0 0 0 0 0 2 3 0
0 0 0 0 1 1 0 0 0 0
1 0 1 0 0 0 0 0 0 0
1 0 0 0 1 1 0 1 1 0
0 0 1 0 0 3 0 1 1 1
0 0 1 0 0 0 0 0 0 0
1 0 0 0 0 0 0 1 1 0
1 1 1 0 0 1 1 0 0 0
2 1 0 1 1 0 1 0 0 0
0 0 1 0 0 1 1 0 0 0
1 1 0 0 0 1 0 3 0 0
0 0 0 1 1 0 0 1 0 0
0 0 1 1 0 0 1 0 0 0
0 0 0 1 0 1 0 1 0 0
1 1 0 0 1 1 0 2 0 1
1 1 1 1 0 0 0 0 0 0
0 0 0 1 1 1 0 1 0 0
0 0 1 0 0 0 1 0 0 0
3 0 0 0 0 0 1 0 0 1
0 1 0 0 0 1 1 1 0 0
0 0 0 1 0 0 1 0 0 0
1 0 0 0 0 1 0 0 0 0
0 1 1 1 0 0 0 1 0 1
0 0 0 0 1 2 2 0 0 1
1 0 0 0 0 0 0 3 1 0
0 1 0 0 1 1 1 0 0 0
0 0 0 0 0 0 0 0 0 0
1 2 0 1 0 0 2 0 0 1
1 0 0 0 0 0 0 0 1 0
0 0 1 1 1 0 1 1 0 0
0 1 0 0 0 1 1 0 0 1
1 0 0 0 0 0 0 0 1 0
0 1 0 1 1 0 1 1 1 1
1 0 0 1 1 3 3 0 0 1
0 1 0 1 0 0 1 0 0 0
0 0 1 0 0 0 0 1 0 2
1 0 0 0 0 0 0 1 1 0
0 3 0 1 0 0 3 0 0 0
1 1 0 1 0 0 0 0 1 1
0 0 0 0 1 1 0 0 1 1
0 0 0 0 1 0 0 0 0 0
1 1 1 0 0 0 0 0 0 0
1 1 1 0 1 1 0 0 1 0
0 0 1 0 1 1 0 0 0 0
0 1 0 1 0 0 0 1 0 0
1 0 0 1 2 0 0 0 1 3
0 1 0 0 1 0 1 0 0 1
0 0 0 1 0 1 0 0 0 0
0 0 0 1 0 0 0 0 0 1
0 0 0 0 1 0 0 0 0 0
1 0 1 0 1 1 0 0 1 0
0 1 0 1 0 0 1 0 0 0
1 1 1 0 1 0 2 0 0 0
1 0 1 1 0 0 0 0 0 0
0 0 0 1 0 0 0 0 0 2
1 0 1 0 3 0 0 1 1 1
0 1 1 0 0 0 0 0 0 0
0 0 1 1 0 1 1 0 0 0
0 1 0 0 0 0 0 1 1 0
0 0 0 1 0 0 0 1 0 1
0 1 0 1 0 0 1 0 0 0
0 0 0 1 0 0 1 0 0 0
1 1 0 0 1 1 3 1 1 0
1 0 0 0 1 0 0 0 0 0
0 0 0 0 0 0 0 0 0 3
0 1 1 0 0 1 0 1 0 0
1 0 1 0 1 0 0 1 2 0
0 0 1 0 0 0 0 1 1 1
0 0 0 0 0 1 1 1 1 0
0 0 0 1 0 0 0 0 0 1
0 0 0 1 0 1 0 1 0 1
0 1 1 0 0 0 0 1 0 0
1 0 0 0 0 1 0 0 0 0
1 1 2 0 0 1 0 1 1 0
0 1 0 0 0 0 0 0 1 0
0 1 0 0 0 1 0 1 0 0
1 1 0 0 0 0 1 0 3 1
0 0 0 0 0 0 0 1 0 0
0 0 1 0 0 1 0 1 1 0
1 0 1 0 0 0 0 0 1 0
0 0 0 1 1 0 0 1 1 1
0 1 1 0 0 1 1 0 1 0
0 0 1 0 0 0 0 0 1 0
0 0 3 1 1 0 1 1 0 0
0 1 0 0 0 2 0 0 1 0
0 1 1 0 0 0 0 2 1 0
1 0 0 0 0 0 0 0 1 0
0 0 0 0 1 0 0 1 0 0
1 0 0 0 0 1 0 0 1 1
1 0 0 0 0 1 0 1 0 1
0 0 0 0 0 1 0 0 1 1
1 0 1 0 0 0 1 1 0 0
0 0 1 0 1 0 1 0 0 1
0 1 0 1 0 0 1 0 0 0
0 0 0 1 0 3 0 0 1 1
1 1 0 0 0 0 0 3 0 0
0 0 0 0 1 0 0 0 0 1
1 1 1 0 0 0 1 0 0 0
0 0 0 0 0 1 1 1 0 2
1 0 1 0 0 0 2 1 0 0
0 0 0 0 0 1 0 0 1 1
0 0 0 0 1 0 0 0 0 0
0 1 0 0 0 1 1 0 0 1
0 1 0 1 1 1 1 0 0 1
0 0 0 0 1 0 1 0 1 0
0 0 0 0 0 0 0 1 1 0
0 0 1 0 0 0 0 1 0 1
0 1 0 1 0 0 1 0 1 0
1 0 1 0 2 1 0 1 0 3
1 0 0 1 0 0 3 0 0 2
0 0 0 0 0 1 0 0 1 0
0 0 0 0 0 0 0 1 1 0
0 1 0 0 0 1 0 2 0 0
1 0 0 1 1 0 1 0 0 1
1 0 0 0 0 0 0 0 0 1
0 0 1 0 1 1 1 2 0 0
0 0 0 1 0 0 0 1 0 0
0 0 0 1 1 0 0 0 0 0
0 0 1 0 3 0 1 0 0 0
1 1 0 0 1 0 1 1 0 3
0 0 2 1 1 1 0 0 0 1
0 0 0 1 0 1 0 1 1 0
0 1 0 0 2 0 1 3 0 1
0 1 1 1 0 1 0 0 0 0
0 2 0 1 0 0 0 0 0 0
0 0 0 0 0 0 0 3 0 1
2 0 0 1 0 0 0 0 0 1
0 0 2 1 1 1 0 0 0 1
1 0 1 0 0 0 1 0 0 0
0 0 0 0 1 0 1 0 0 1
1 1 3 0 0 1 1 0 0 0
0 0 0 1 1 0 1 0 0 0
0 0 0 0 3 1 0 1 1 1
1 0 1 1 0 0 1 1 1 0
0 3 1 0 0 0 1 0 0 0
0 0 0 0 1 1 0 0 0 0
3 0 0 0 2 1 1 0 1 2
0 0 3 0 0 1 1 1 0 0
1 1 0 0 0 0 0 0 0 0
1 1 0 0 0 1 1 0 1 0
0 0 0 0 0 0 0 0 1 0
0 1 0 0 0 0 1 0 0 0
1 1 1 1 0 0 2 0 0 0
0 0 0 1 0 0 0 0 1 0
0 0 1 0 0 0 0 1 1 1
1 0 0 0 0 0 1 0 0 0
0 0 0 1 3 0 0 1 1 3
0 1 1 0 0 1 0 0 1 1
1 0 1 1 0 0 0 0 1 0
0 0 0 0 1 0 0 0 0 0
1 1 0 0 1 0 0 1 1 0
0 0 0 0 0 0 1 2 0 0
0 1 0 0 1 1 3 0 0 0
0 0 0 0 0 0 0 0 0 1
1 0 0 0 1 0 0 0 0 1
0 0 1 0 0 1 1 0 0 0
0 0 0 1 1 0 0 2 1 0
1 1 2 1 0 1 0 1 0 1
0 1 1 1 0 0 2 1 1 0
0 0 0 0 0 0 1 0 0 0
0 0 0 1 0 0 0 1 1 0
1 1 1 2 1 0 0 3 0 0
0 1 0 0 1 0 2 1 1 0
0 0 0 0 0 0 0 1 0 0
0 0 0 2 0 1 0 0 0 0
1 0 1 1 0 0 0 0 1 1
0 0 0 1 1 0 0 3 0 0
0 1 3 0 0 0 0 0 1 1
0 1 1 0 0 1 3 0 1 0
1 0 1 0 0 0 1 1 0 1
0 0 0 0 0 0 2 0 0 0
0 0 1 3 0 0 0 1 1 0
1 0 0 0 0 1 3 0 2 1
0 0 0 0 1 1 0 0 1 1
0 1 0 3 0 1 0 0 1 1
1 0 1 0 0 1 0 0 0 0
1 1 1 0 0 1 0 0 1 0
0 0 1 0 0 1 0 0 1 0
1 1 0 0 0 2 1 0 1 0
0 0 0 0 1 0 0 0 0 0
0 0 0 0 0 1 3 0 0 0
1 0 0 0 0 0 1 0 1 0
1 1 0 0 1 0 0 0 3 0
0 0 1 0 0 0 1 1 0 1
0 0 0 1 0 0 1 0 1 0
0 1 0 1 1 0 0 1 1 0
1 1 0 0 1 1 1 0 1 0
0 1 1 0 0 0 0 0 1 0
1 2 0 0 0 3 0 0 0 0
1 1 0 1 0 0 0 0 0 0
0 1 0 0 0 0 0 0 0 0
0 0 0 0 0 0 0 1 0 0
0 0 0 0 1 1 0 0 0 0
1 0 0 0 1 0 0 0 1 0
0 0 1 0 0 1 1 0 1 1
0 0 0 2 0 1 1 0 1 1
0 1 1 0 0 0 0 0 0 1
0 0 0 0 2 0 0 0 0 1
0 3 0 2 0 1 0 0 1 1
1 0 0 1 1 0 0 2 0 0
0 1 0 0 1 0 0 1 0 1
0 0 1 1 0 0 0 0 1 0
1 0 1 0 1 0 0 1 0 0
1 0 1 1 1 0 0 0 1 1
0 0 1 0 1 0 0 1 0 0
0 0 0 3 0 0 1 1 1 1
0 0 0 0 1 0 0 2 1 1
0 0 0 0 3 0 1 0 1 0
0 0 0 3 0 0 0 0 1 1
0 0 1 0 0 1 0 3 2 1
0 0 0 0 1 0 0 0 0 0
0 0 0 0 0 1 0 1 0 1
0 1 0 0 1 0 0 0 0 1
0 0 1 1 0 0 0 0 0 0
0 0 1 0 0 2 0 0 0 0
1 2 1 0 0 0 1 1 0 1
0 0 1 0 1 0 0 3 0 0
0 0 0 1 1 1 0 1 0 0
0 1 0 1 0 2 0 0 2 1
0 1 0 0 0 0 0 1 3 0
1 1 1 0 1 0 0 0 0 0
0 0 0 0 0 0 0 1 1 1
0 0 1 0 1 1 1 0 1 0
0 0 1 1 1 0 1 0 0 1
0 0 0 0 0 3 0 0 1 0
1 3 0 1 0 1 0 0 0 1
1 0 0 0 1 1 0 0 0 0
0 0 0 0 0 0 1 0 0 0
1 0 0 0 0 3 0 1 3 0
0 1 1 0 2 0 0 0 0 0
1 0 0 1 2 1 0 1 0 1
0 0 1 0 0 1 0 0 0 0
0 1 0 1 0 0 0 1 0 1
1 0 1 1 0 0 1 1 0 0
1 0 0 2 1 0 1 0 0 1
0 0 0 1 1 0 0 0 0 0
0 0 0 0 1 1 0 0 0 1
0 0 0 0 1 1 0 0 0 0
1 0 0 0 1 1 1 0 0 0
0 2 0 0 3 1 0 0 0 0
0 0 0 1 3 1 1 0 0 1
1 0 0 0 1 0 1 1 0 0
0 0 0 0 0 0 0 1 0 0
0 0 0 0 1 0 0 1 0 2
0 0 0 3 1 0 2 1 0 1
0 0 0 0 1 1 0 0 0 0
0 1 1 0 0 0 0 1 0 1
0 1 0 1 0 0 2 0 0 0
0 1 1 1 0 1 1 0 0 0
0 3 0 0 1 1 1 0 0 0
1 0 1 1 0 2 0 0 0 0
0 1 0 0 1 0 1 0 0 0
1 0 1 1 0 0 0 0 0 0
0 0 0 1 2 0 0 0 1 3
1 0 0 1 0 0 3 0 1 0
1 0 0 0 1 0 0 0 0 0
1 0 0 0 0 1 2 1 0 0
0 1 1 0 0 0 3 1 1 0
0 0 0 0 0 0 0 1 1 0
0 1 1 0 0 1 1 1 0 0
0 0 0 2 1 3 0 1 2 0
0 0 2 0 0 0 0 0 1 0
1 0 0 0 0 0 1 0 1 0
0 0 0 0 3 2 1 1 1 0
0 0 0 0 1 0 1 0 0 0
1 0 0 0 0 0 0 0 2 0
0 0 1 0 1 0 3 1 0 1
0 0 0 1 0 1 0 0 0 0
0 1 0 1 1 0 0 0 0 1
1 1 0 1 1 0 1 0 1 0
0 1 1 3 2 1 0 0 3 0
1 1 3 0 1 0 0 0 1 0
1 0 0 1 1 1 1 1 1 0
0 0 0 0 0 3 0 0 1 0
1 0 1 0 0 0 1 0 0 0
1 2 0 0 0 0 1 0 3 0
0 0 0 1 1 0 0 1 1 1
0 0 0 0 1 0 0 0 0 0
0 0 0 0 0 0 1 0 0 0
1 1 0 0 0 1 0 0 0 0
0 0 1 1 3 1 1 0 0 1
1 0 0 1 0 0 1 0 1 0
1 0 1 0 0 0 0 0 0 0
0 1 0 1 1 0 1 0 1 2
0 0 0 0 1 0 0 0 0 0
0 3 0 0 0 1 0 1 0 2
0 0 0 1 2 1 0 0 0 1
0 0 1 1 1 0 0 1 0 1
0 0 1 0 0 1 1 0 0 0
0 0 0 0 0 0 0 0 0 1
0 0 0 0 0 1 1 1 2 0
0 0 0 2 1 0 0 0 0 1
1 0 0 0 0 0 0 0 0 0
0 0 0 0 0 0 0 0 0 3
0 0 0 0 0 1 0 1 1 1
0 1 1 1 1 0 0 1 0 3
1 1 1 0 3 1 1 0 1 0
1 1 0 0 0 1 1 0 1 0
0 2 0 1 0 0 0 0 1 0
0 0 2 1 0 1 1 0 1 0
0 0 0 0 0 0 1 0 3 0
0 0 0 3 0 1 0 0 0 0
1 0 1 1 1 0 0 0 0 0
1 1 1 0 0 1 1 0 1 1
0 1 0 0 0 1 0 0 1 1
0 0 0 1 1 0 0 1 0 0
0 0 1 0 0 1 0 0 0 0
0 1 0 0 2 0 0 1 1 1
0 3 0 0 1 0 0 1 0 0
2 0 3 0 0 0 1 1 0 0
0 0 1 0 0 0 0 0 0 1
0 0 0 0 0 0 0 0 0 1
0 0 0 0 0 2 0 0 1 0
1 0 0 0 0 0 0 1 0 1
1 0 1 0 0 1 1 1 0 1
1 0 1 1 0 0 0 0 0 1
0 1 1 1 1 0 0 0 0 1
0 0 0 0 3 1 0 0 0 0
0 0 1 2 1 0 0 0 1 0
3 1 0 2 0 0 1 0 0 0
1 1 1 0 1 0 0 0 0 0
2 1 1 0 0 0 0 0 1 1
0 0 0 0 0 3 1 0 2 0
1 0 0 0 0 1 0 1 0 0
1 0 1 1 0 1 1 1 0 0
0 1 0 0 0 2 0 1 0 1
0 0 0 0 1 1 0 1 1 1
0 0 0 0 0 1 0 0 1 1
0 0 0 3 0 0 0 0 0 0
0 0 0 3 1 1 0 0 0 0
0 0 1 0 0 0 0 0 1 1
3 0 0 0 0 1 1 2 0 0
0 0 1 2 0 1 1 0 3 0
1 1 1 0 0 0 1 1 0 0
0 0 1 0 0 0 0 1 0 0
1 0 1 1 0 3 0 0 1 0
0 1 1 0 0 1 1 0 0 1
0 0 0 0 0 0 0 0 0 0
1 0 1 1 0 0 1 0 0 0
0 0 1 0 0 0 0 0 2 0
0 1 0 0 0 2 0 1 0 1
0 0 1 0 0 0 1 3 0 1
0 0 1 3 0 0 1 1 1 1
0 0 1 0 2 0 0 0 0 1
1 0 0 1 1 0 0 0 0 0
1 0 0 1 2 1 0 0 0 1
0 0 1 0 0 0 1 0 1 0
1 2 1 0 0 0 1 0 0 0
0 0 0 0 0 0 0 0 1 1
0 0 1 0 1 0 0 0 3 0
0 0 0 0 1 3 1 1 0 0
0 1 1 0 0 0 0 1 0 0
0 0 0 1 0 0 0 2 0 1
0 0 1 1 3 0 0 0 1 0
0 0 0 0 2 0 0 0 0 1
0 1 0 0 3 1 0 0 0 0
0 1 0 0 0 1 1 0 0 0
1 3 0 0 1 1 1 0 0 0
0 1 0 1 1 1 0 1 1 0
0 0 0 1 1 0 0 0 1 1
0 0 1 1 0 1 0 0 0 0
0 0 1 0 0 0 0 0 0 0
0 1 1 1 1 1 1 3 0 0
0 0 0 0 1 1 0 1 0 0
0 1 1 1 3 0 1 0 0 1
0 0 2 1 1 0 1 1 1 0
0 1 0 0 0 0 0 1 0 0
0 0 1 0 0 0 0 0 0 0
0 0 1 0 0 0 0 0 0 0
0 0 0 0 0 0 1 0 1 1
0 0 0 1 0 1 1 0 1 1
0 0 0 1 0 0 0 1 0 1
0 1 0 0 0 0 0 0 0 1
1 1 0 1 0 1 0 0 1 0
0 0 0 0 0 0 0 0 0 0
1 1 3 2 0 1 0 0 0 0
1 1 1 1 0 0 0 0 0 1
2 0 0 1 0 1 0 0 1 0
0 0 1 1 0 1 0 0 0 0
0 1 1 0 0 0 0 0 0 1
0 0 2 0 0 1 0 1 1 0
0 1 1 0 1 1 0 0 1 0
0 0 0 1 0 0 0 0 0 0
0 0 0 0 1 0 0 0 1 1
1 1 0 0 0 1 0 0 1 1
0 0 1 3 0 0 0 0 0 1
1 0 1 0 1 1 0 0 0 1
3 0 0 0 0 0 0 2 0 0
0 0 2 0 1 2 0 0 0 1
0 0 0 1 0 1 0 0 0 0
0 1 3 0 0 1 1 0 1 1
0 0 2 1 1 0 0 0 0 1
0 0 1 0 0 0 0 0 1 1
1 1 0 0 0 0 0 1 0 1
0 0 0 1 1 0 1 0 0 0
0 0 0 1 0 1 1 0 0 0
1 2 1 0 1 1 0 0 0 0
1 0 0 0 0 0 1 3 0 1
0 0 3 2 1 3 1 1 0 0
0 0 1 0 0 0 0 0 0 0
0 0 0 0 1 0 0 1 1 0
