10 10
1 19 17 16 2 14 17 8 11 13
5 5
2 0 2 0 2 0 2 0 2 0
0 2 0 2 0 2 0 2 0 2
2 0 2 0 2 0 2 0 2 0
0 2 0 2 0 2 0 2 0 2
2 0 2 0 2 0 2 0 2 0
0 2 0 2 0 0 0 2 0 2
2 0 2 0 2 0 2 0 2 0
0 2 0 2 0 2 0 2 0 2
2 0 2 0 2 0 2 0 2 0
0 2 0 2 0 2 0 2 0 2
3 2 3 2 3 2 3 2 3 2
2 3 2 3 2 3 2 3 2 3
3 2 3 2 3 2 3 2 3 2
2 3 2 3 2 3 2 3 2 3
3 2 3 2 3 2 3 2 3 2
2 3 2 3 2 3 2 3 2 3
3 2 3 2 3 2 3 2 3 2
2 3 2 3 2 3 2 3 2 3
3 2 3 2 3 2 3 2 3 2
2 3 2 3 2 3 2 3 2 3
2 3 2 3 2 3 2 3 2 3
3 2 3 2 3 2 3 2 3 2
2 3 2 3 2 3 2 3 2 3
3 2 3 2 3 2 3 2 3 2
2 3 2 3 2 3 2 3 2 3
3 2 3 2 3 2 3 2 3 2
2 3 2 3 2 3 2 3 2 3
3 2 3 2 3 2 3 2 3 2
2 3 2 3 2 3 2 3 2 3
3 2 3 2 3 2 3 2 3 2
3 2 3 2 3 2 3 2 3 2
2 3 2 3 2 3 2 3 2 3
3 2 3 2 3 2 3 2 3 2
2 3 2 3 2 3 2 3 2 3
3 2 3 2 3 2 3 2 3 2
2 3 2 3 2 3 2 3 2 3
3 2 3 2 3 2 3 2 3 2
2 3 2 3 2 3 2 3 2 3
3 2 3 2 3 2 3 2 3 2
2 3 2 3 2 3 2 3 2 3
2 3 2 3 2 3 2 3 2 3
3 2 3 2 3 2 3 2 3 2
2 3 2 3 2 3 2 3 2 3
3 2 3 2 3 2 3 2 3 2
2 3 2 3 2 3 2 3 2 3
3 2 3 2 3 2 3 2 3 2
2 3 2 3 2 3 2 3 2 3
3 2 3 2 3 2 3 2 3 2
2 3 2 3 2 3 2 3 2 3
3 2 3 2 3 2 3 2 3 2
3 2 3 2 3 2 3 2 3 2
2 3 2 3 2 3 2 3 2 3
3 2 3 2 3 2 3 2 3 2
2 3 2 3 2 3 2 3 2 3
3 2 3 2 3 2 3 2 3 2
2 3 2 3 2 3 2 3 2 3
3 2 3 2 3 2 3 2 3 2
2 3 2 3 2 3 2 3 2 3
3 2 3 2 3 2 3 2 3 2
2 3 2 3 2 3 2 3 2 3
2 3 2 3 2 3 2 3 2 3
3 2 3 2 3 2 3 2 3 2
2 3 2 3 2 3 2 3 2 3
3 2 3 2 3 2 3 2 3 2
2 3 2 3 2 3 2 3 2 3
3 2 3 2 3 2 3 2 3 2
2 3 2 3 2 3 2 3 2 3
3 2 3 2 3 2 3 2 3 2
2 3 2 3 2 3 2 3 2 3
3 2 3 2 3 2 3 2 3 2
3 2 3 2 3 2 3 2 3 2
2 3 2 3 2 3 2 3 2 3
3 2 3 2 3 2 3 2 3 2
2 3 2 3 2 3 2 3 2 3
3 2 3 2 3 2 3 2 3 2
2 3 2 3 2 3 2 3 2 3
3 2 3 2 3 2 3 2 3 2
2 3 2 3 2 3 2 3 2 3
3 2 3 2 3 2 3 2 3 2
2 3 2 3 2 3 2 3 2 3
2 3 2 3 2 3 2 3 2 3
3 2 3 2 3 2 3 2 3 2
2 3 2 3 2 3 2 3 2 3
3 2 3 2 3 2 3 2 3 2
2 3 2 3 2 3 2 3 2 3
3 2 3 2 3 2 3 2 3 2
2 3 2 3 2 3 2 3 2 3
3 2 3 2 3 2 3 2 3 2
2 3 2 3 2 3 2 3 2 3
3 2 3 2 3 2 3 2 3 2
3 2 3 2 3 2 3 2 3 2
2 3 2 3 2 3 2 3 2 3
3 2 3 2 3 2 3 2 3 2
2 3 2 3 2 3 2 3 2 3
3 2 3 2 3 2 3 2 3 2
2 3 2 3 2 3 2 3 2 3
3 2 3 2 3 2 3 2 3 2
2 3 2 3 2 3 2 3 2 3
3 2 3 2 3 2 3 2 3 2
2 3 2 3 2 3 2 3 2 3
